41.0847 -5.5907 0.0
40.0124 1.2984 0.0
37.1305 -2.5402 0.0
41.0119 -8.4288 0.0
41.4933 -3.5110 0.0
36.3881 -1.6292 0.0
44.0631 -3.7618 0.0
39.6037 -7.6850 0.0
42.1623 -4.7763 0.0
44.3281 -2.7649 0.0
39.4444 -4.0705 0.0
36.9384 0.0335 0.0
38.2904 -2.5452 0.0
40.2731 -2.8450 0.0
37.1630 -3.7274 0.0
40.3979 -1.0158 0.0
38.1016 -3.1400 0.0
42.5361 -3.4042 0.0
36.2784 -5.6957 0.0
41.5499 0.4989 0.0
42.9919 -8.3374 0.0
39.3612 -2.0578 0.0
39.2154 -8.6686 0.0
36.2970 -1.1589 0.0
38.1708 -8.5215 0.0
38.0264 -5.5205 0.0
42.5380 -8.3674 0.0
37.4281 -6.0435 0.0
40.1756 -2.7399 0.0
36.6902 -1.1416 0.0
38.3544 -4.5666 0.0
38.4150 -8.2082 0.0
37.5849 -2.4849 0.0
40.7074 -7.9489 0.0
37.5950 -1.1961 0.0
43.2300 -3.0705 0.0
39.8667 -5.0017 0.0
36.4215 -7.0464 0.0
41.4911 -0.5982 0.0
43.3040 -4.2971 0.0
36.3121 -5.0991 0.0
40.6036 1.5813 0.0
43.2179 -5.0677 0.0
36.8316 -2.6962 0.0
37.9094 -4.7344 0.0
44.5338 -3.6236 0.0
41.8433 -8.5252 0.0
39.8851 -9.3461 0.0
36.1205 -4.4480 0.0
37.1253 -1.8596 0.0
