14.1909 115.0839 0.0
5.5780 119.8742 0.0
-0.1801 104.0671 0.0
14.4033 119.7162 0.0
12.3309 115.0185 0.0
-1.2342 113.3069 0.0
5.1315 115.4041 0.0
-5.0000 110.7333 0.0
-0.3784 110.4355 0.0
15.5302 113.9677 0.0
0.9740 103.0634 0.0
8.5052 119.4978 0.0
-1.7142 123.7760 0.0
7.5678 115.6524 0.0
-4.4807 106.6273 0.0
3.0999 102.5496 0.0
13.3573 111.9474 0.0
-2.6493 111.0727 0.0
-3.7168 105.9105 0.0
-5.5713 108.1543 0.0
14.3755 116.5192 0.0
3.0651 119.1873 0.0
4.8740 116.9583 0.0
3.8181 117.3480 0.0
-1.9619 120.8495 0.0
6.3790 120.7702 0.0
10.3445 111.0021 0.0
-3.1451 107.2360 0.0
3.8362 108.4562 0.0
0.8959 116.9081 0.0
-3.2803 104.0798 0.0
0.8429 105.1039 0.0
6.3321 102.3168 0.0
10.2534 114.6955 0.0
3.7334 120.3634 0.0
9.7774 111.4922 0.0
-0.0406 124.0512 0.0
-3.3734 119.5679 0.0
-6.8443 116.5217 0.0
4.6338 119.8344 0.0
3.7648 122.6838 0.0
12.0138 107.7565 0.0
5.9856 121.1527 0.0
-7.7332 112.7602 0.0
8.0387 114.5900 0.0
1.6715 110.5819 0.0
-5.1401 118.6513 0.0
2.2241 115.5956 0.0
-7.5421 111.2528 0.0
12.2530 104.0049 0.0
4.2595 112.2039 0.0
-5.3589 111.1575 0.0
0.4895 108.5918 0.0
0.7413 115.1333 0.0
12.4196 111.0784 0.0
3.5351 124.9646 0.0
8.2628 121.4057 0.0
12.5520 104.7726 0.0
0.1932 108.3633 0.0
9.9891 121.4665 0.0
-5.8883 110.8620 0.0
-6.1309 111.4357 0.0
4.3682 113.7629 0.0
6.0453 112.7580 0.0
10.1464 103.3199 0.0
10.8586 115.9663 0.0
15.3647 109.5987 0.0
0.9228 113.8157 0.0
4.7149 110.2681 0.0
11.9294 121.4241 0.0
-3.5484 110.8909 0.0
8.8943 108.9064 0.0
6.3975 121.3014 0.0
3.3668 104.5452 0.0
2.4191 118.5991 0.0
-2.7024 103.5917 0.0
-3.5721 112.6032 0.0
5.1757 117.7317 0.0
-1.5642 109.7399 0.0
5.5950 119.3110 0.0
2.2785 111.0994 0.0
9.3645 110.1684 0.0
14.7676 118.5667 0.0
1.5825 108.2709 0.0
8.3273 117.7408 0.0
-6.2052 108.3464 0.0
6.3206 105.2125 0.0
8.5326 123.8771 0.0
1.0327 115.1040 0.0
-3.3151 115.1455 0.0
-0.3522 104.2140 0.0
14.4186 120.7862 0.0
0.3570 120.0921 0.0
4.5962 124.9264 0.0
-0.5749 115.1980 0.0
3.0782 121.3533 0.0
9.9337 110.6131 0.0
9.7597 107.1590 0.0
13.1466 116.4214 0.0
10.8119 102.7927 0.0
15.3088 107.9108 0.0
10.1738 123.4330 0.0
6.4309 121.8828 0.0
11.7491 116.3583 0.0
12.0215 112.7881 0.0
5.8424 107.2931 0.0
-2.8271 117.3543 0.0
16.5006 113.1399 0.0
2.6962 104.5222 0.0
3.1035 118.1280 0.0
-6.1128 107.7036 0.0
4.3851 104.4391 0.0
1.9671 112.0188 0.0
9.7339 106.4476 0.0
9.2215 112.2968 0.0
5.8627 116.7112 0.0
0.2142 105.0607 0.0
8.8409 117.6195 0.0
4.7753 125.1147 0.0
-2.4219 107.0446 0.0
-2.3718 109.5096 0.0
12.6357 109.8737 0.0
3.3308 108.0699 0.0
-0.2548 117.1508 0.0
1.3926 123.0670 0.0
4.5808 106.5788 0.0
1.3080 114.3565 0.0
16.7571 113.1860 0.0
5.2620 116.7462 0.0
10.2714 110.8853 0.0
12.8587 105.3744 0.0
8.5855 119.8113 0.0
1.2756 102.7674 0.0
14.0657 112.7072 0.0
14.4108 114.0034 0.0
1.1137 124.0640 0.0
13.7672 109.6479 0.0
7.8649 116.5110 0.0
0.7080 112.1823 0.0
-0.5639 109.5805 0.0
7.4878 123.5413 0.0
3.6425 123.2539 0.0
11.6035 108.5941 0.0
13.9413 119.8724 0.0
3.1675 121.3859 0.0
4.5967 112.7734 0.0
3.7650 123.2876 0.0
-5.5120 110.1140 0.0
12.5097 113.9991 0.0
6.9981 111.2273 0.0
-6.6906 110.1812 0.0
-5.2367 107.9222 0.0
7.7872 116.9214 0.0
9.9858 109.3983 0.0
11.5158 104.9225 0.0
7.3878 124.8639 0.0
9.3948 117.2394 0.0
12.5903 106.1112 0.0
-1.1797 108.1207 0.0
8.8632 111.4180 0.0
15.7821 111.7340 0.0
12.6210 105.8232 0.0
4.3371 111.5696 0.0
10.9143 110.4669 0.0
11.7193 105.0371 0.0
3.3355 124.5055 0.0
12.9717 120.5184 0.0
11.7260 104.4168 0.0
6.8511 108.1741 0.0
1.6707 121.3326 0.0
6.0354 124.3950 0.0
5.1602 115.2755 0.0
9.1276 108.1399 0.0
2.3044 125.3736 0.0
-3.4390 119.3030 0.0
-7.3408 110.7355 0.0
13.4031 121.6039 0.0
9.7447 124.5496 0.0
3.3320 125.5017 0.0
0.7967 115.1148 0.0
0.4206 123.1464 0.0
-5.0290 112.8123 0.0
-2.2506 109.9724 0.0
2.9142 107.5059 0.0
4.9504 113.2717 0.0
2.7812 104.6513 0.0
-0.5551 104.2177 0.0
11.2009 116.7131 0.0
-0.3287 122.2575 0.0
8.4712 107.8263 0.0
1.2631 123.3963 0.0
-1.2244 117.2153 0.0
2.2977 120.9716 0.0
0.6579 115.5984 0.0
-0.7470 102.8197 0.0
-4.2204 105.7406 0.0
-1.9283 111.5019 0.0
4.4432 113.7413 0.0
-2.5504 109.6211 0.0
-5.1891 115.6754 0.0
6.3448 121.4968 0.0
11.3652 108.4914 0.0
9.7926 123.2249 0.0
0.9438 113.1536 0.0
-0.4792 121.8969 0.0
4.5794 102.3642 0.0
6.0969 123.4936 0.0
9.9111 114.3497 0.0
-1.4976 114.4450 0.0
14.6472 118.6649 0.0
-0.9159 107.7489 0.0
2.7106 108.3882 0.0
4.8260 122.1520 0.0
14.4326 113.8575 0.0
5.8358 102.8961 0.0
0.9290 115.3156 0.0
9.4676 112.1381 0.0
12.8949 116.3113 0.0
8.0484 108.4575 0.0
7.1318 105.5775 0.0
14.4965 112.7130 0.0
13.5057 110.4932 0.0
-4.3021 105.9464 0.0
-5.9017 113.1860 0.0
-6.1805 110.1675 0.0
4.0368 101.8578 0.0
4.0120 121.9604 0.0
0.5423 108.8564 0.0
-6.1418 112.0590 0.0
3.0047 123.1115 0.0
3.7397 116.8369 0.0
1.7873 119.2951 0.0
10.3190 120.5027 0.0
2.4646 107.9563 0.0
13.9845 117.6736 0.0
-3.0547 111.4247 0.0
6.6196 121.1739 0.0
11.0736 108.9379 0.0
1.3525 104.6640 0.0
5.6111 102.1427 0.0
12.0625 113.7866 0.0
4.6589 106.2002 0.0
15.3537 110.1093 0.0
4.3760 105.5350 0.0
-2.7256 108.0151 0.0
5.6003 119.1834 0.0
12.4662 115.0046 0.0
1.4364 107.0776 0.0
8.4697 120.2908 0.0
10.3330 119.6282 0.0
14.0406 115.1824 0.0
-2.5803 110.4650 0.0
3.2395 111.9190 0.0
0.1102 114.5773 0.0
2.5049 115.3966 0.0
1.8790 118.5025 0.0
-3.2637 120.8832 0.0
9.7385 104.1028 0.0
9.8647 116.5790 0.0
2.8438 113.0807 0.0
-2.7095 123.4393 0.0
6.4291 103.7348 0.0
4.7634 103.5632 0.0
8.2406 124.9755 0.0
5.5083 114.9390 0.0
2.3869 109.6837 0.0
6.3423 122.5843 0.0
5.5875 103.2470 0.0
0.5725 110.3635 0.0
12.4805 120.6635 0.0
15.3347 110.9680 0.0
8.4819 114.1552 0.0
1.4790 107.3464 0.0
-5.0665 120.7910 0.0
13.7150 118.4081 0.0
-2.6081 106.1812 0.0
5.0514 109.6070 0.0
-4.6365 106.8039 0.0
8.7472 113.0623 0.0
-1.7252 122.3967 0.0
-1.0185 119.3355 0.0
-0.2335 120.8329 0.0
9.4648 103.1980 0.0
8.3658 112.5173 0.0
9.1429 104.7789 0.0
-4.9833 117.5848 0.0
14.7646 111.1604 0.0
6.7802 107.5029 0.0
-4.4532 114.4345 0.0
3.5369 105.4440 0.0
8.2916 108.3438 0.0
14.0662 119.4723 0.0
4.9441 125.0556 0.0
-1.9339 108.1517 0.0
11.9314 114.8847 0.0
9.2007 123.9309 0.0
6.1730 108.0706 0.0
9.7280 108.5390 0.0
2.8118 123.6473 0.0
5.6710 113.1017 0.0
3.8289 109.9651 0.0
4.9398 104.9026 0.0
-1.7040 105.4039 0.0
6.7909 105.1560 0.0
5.1645 117.1986 0.0
0.9703 123.0772 0.0
-4.7255 115.0701 0.0
-3.4790 117.5412 0.0
-0.6515 122.7618 0.0
3.1520 123.7137 0.0
8.9675 117.7824 0.0
8.4356 117.2153 0.0
5.1873 104.5073 0.0
5.6069 118.6873 0.0
3.1423 105.0577 0.0
-7.4809 111.6144 0.0
9.7681 117.4109 0.0
5.2623 118.8748 0.0
9.6772 113.9681 0.0
3.1355 122.3765 0.0
-6.9372 109.4857 0.0
11.6873 120.9584 0.0
-6.9160 114.1598 0.0
-5.7439 108.3302 0.0
-3.3254 116.5768 0.0
9.4964 115.1946 0.0
-7.2868 115.1737 0.0
-4.5297 120.0197 0.0
2.2053 111.0716 0.0
6.1815 115.8034 0.0
1.4452 122.1866 0.0
13.4984 122.0223 0.0
-3.9222 106.8391 0.0
6.1603 124.3467 0.0
-3.9448 116.2202 0.0
9.7107 107.1234 0.0
0.3369 124.9775 0.0
-2.9648 107.3454 0.0
14.4887 109.9743 0.0
5.8561 118.9548 0.0
9.9978 121.9474 0.0
9.0571 115.8536 0.0
3.8957 113.6947 0.0
2.0762 122.6454 0.0
2.9228 107.8037 0.0
-5.3618 116.4432 0.0
13.5325 108.6859 0.0
-3.1983 105.7840 0.0
13.6233 109.3441 0.0
-3.1890 111.2856 0.0
12.7842 107.9894 0.0
14.5518 118.4996 0.0
2.7300 118.1795 0.0
-5.1307 109.0086 0.0
9.1801 118.2024 0.0
1.3372 103.8183 0.0
-7.4133 113.4644 0.0
12.0443 117.7688 0.0
2.2703 114.5155 0.0
4.4839 120.4876 0.0
8.1024 112.6122 0.0
-5.4896 108.3707 0.0
16.4645 113.4665 0.0
3.2697 123.5015 0.0
4.5969 111.0328 0.0
-0.3823 106.6441 0.0
9.4007 124.3180 0.0
-1.7176 106.4635 0.0
11.7286 118.2665 0.0
0.8820 119.7696 0.0
10.7918 105.5291 0.0
2.0579 106.8858 0.0
10.7007 111.2368 0.0
-6.0238 110.0545 0.0
1.2366 121.1063 0.0
11.3545 112.1747 0.0
-3.2680 112.7844 0.0
-2.1862 103.2913 0.0
-3.2286 118.1937 0.0
1.0669 117.5574 0.0
-3.0268 105.9239 0.0
7.5773 123.8350 0.0
12.6705 109.4087 0.0
1.9055 105.7996 0.0
8.7150 112.7736 0.0
5.1434 123.0915 0.0
-0.1362 111.9666 0.0
12.0989 118.6547 0.0
14.9388 106.9194 0.0
10.6662 119.2070 0.0
-6.6926 113.6150 0.0
-5.8709 112.9182 0.0
7.7565 107.9207 0.0
4.9784 125.6850 0.0
-2.2800 119.5901 0.0
-7.2654 112.8853 0.0
12.0562 104.6271 0.0
6.1041 107.2179 0.0
11.7390 110.2589 0.0
8.2500 105.5192 0.0
2.5399 119.7304 0.0
13.9003 113.4332 0.0
9.6079 120.4996 0.0
-0.5673 120.9442 0.0
-4.2784 111.0364 0.0
0.8912 120.9529 0.0
2.7736 108.4520 0.0
5.4566 122.7710 0.0
14.9020 116.5283 0.0
1.5604 103.3237 0.0
-3.8402 120.7693 0.0
8.7986 104.3678 0.0
-7.6468 113.8598 0.0
2.1394 113.4660 0.0
10.9399 106.4889 0.0
-6.1749 117.7273 0.0
-4.0748 115.8850 0.0
-4.3050 119.1053 0.0
10.1138 121.8188 0.0
12.7506 111.8424 0.0
1.9849 106.8141 0.0
10.4024 105.4301 0.0
11.6847 104.5564 0.0
1.4237 120.4123 0.0
5.1141 103.0742 0.0
15.6703 116.1621 0.0
2.3200 111.1424 0.0
16.2736 113.3016 0.0
-5.2039 117.7916 0.0
1.9314 110.6307 0.0
-6.2517 117.4957 0.0
12.8971 107.5201 0.0
5.2523 110.9678 0.0
-0.1947 118.2041 0.0
-0.0921 112.5891 0.0
6.9368 104.5311 0.0
8.9489 115.9380 0.0
-3.8613 105.6590 0.0
9.6407 110.3194 0.0
-0.0043 114.6219 0.0
4.2931 119.6977 0.0
4.9003 112.3758 0.0
-0.6173 103.0352 0.0
-0.0537 115.2459 0.0
-1.6484 109.7269 0.0
-4.2196 118.0029 0.0
7.9588 108.3821 0.0
0.3989 117.1298 0.0
5.1849 122.0368 0.0
-3.7730 109.2879 0.0
1.0722 125.2370 0.0
-2.1154 103.3208 0.0
-1.3848 110.9118 0.0
4.1597 103.3175 0.0
2.3677 111.8142 0.0
11.6267 108.4986 0.0
6.4837 107.2024 0.0
-1.2316 121.1534 0.0
-2.5991 106.7513 0.0
2.6650 103.5556 0.0
9.7499 104.9092 0.0
12.4887 107.8185 0.0
0.9301 122.6973 0.0
-2.6496 109.5902 0.0
13.3613 119.2907 0.0
4.3945 106.8155 0.0
7.9690 117.3331 0.0
13.3676 111.8496 0.0
12.1515 108.7702 0.0
4.0105 124.6986 0.0
-6.5705 114.7765 0.0
4.2618 102.4527 0.0
9.8517 118.2990 0.0
12.1307 123.0265 0.0
12.1974 103.9976 0.0
14.8593 112.1421 0.0
8.5584 102.0071 0.0
6.3763 106.2754 0.0
3.0904 113.1698 0.0
0.6431 106.1786 0.0
-4.1742 108.3888 0.0
14.8536 109.2817 0.0
4.9098 117.5328 0.0
5.9498 112.2024 0.0
12.4210 108.7209 0.0
9.8237 115.7665 0.0
13.8805 107.3156 0.0
-1.1561 117.1758 0.0
8.8284 111.9621 0.0
-2.2621 113.8138 0.0
7.4050 110.9903 0.0
0.1709 114.7978 0.0
4.0671 103.4367 0.0
-5.9263 119.3378 0.0
10.4682 122.3733 0.0
10.9225 118.1911 0.0
-2.6923 118.1899 0.0
16.2172 116.0444 0.0
-2.5014 116.1038 0.0
11.8590 103.8624 0.0
2.9792 109.9391 0.0
13.4664 112.2081 0.0
-1.3942 117.8899 0.0
8.3469 117.2517 0.0
-6.3453 116.6913 0.0
-1.7846 105.7316 0.0
13.8966 114.8068 0.0
4.9397 124.4156 0.0
0.4993 111.7813 0.0
4.8056 110.2893 0.0
5.6857 118.9844 0.0
-0.9217 123.5783 0.0
8.3224 110.7129 0.0
4.9114 112.9905 0.0
7.6952 116.9331 0.0
7.3062 119.0095 0.0
14.3458 115.1607 0.0
4.8718 112.0459 0.0
1.8240 118.8564 0.0
9.3469 115.1783 0.0
-5.9259 111.7665 0.0
-5.9778 115.0842 0.0
-6.2856 112.5954 0.0
0.4491 113.4023 0.0
15.9906 116.8399 0.0
11.7821 105.2710 0.0
-4.0544 115.8147 0.0
15.6784 118.1667 0.0
-2.4206 118.4258 0.0
-5.6446 114.1241 0.0
14.9775 118.8974 0.0
1.7891 111.3047 0.0
4.0077 116.6135 0.0
-4.8158 110.5688 0.0
11.4931 113.2590 0.0
-4.0623 116.0692 0.0
12.2529 119.2018 0.0
10.6869 105.1464 0.0
5.6767 103.6222 0.0
6.7711 123.7386 0.0
5.6108 121.7095 0.0
-2.3407 115.5593 0.0
11.0431 118.0358 0.0
0.4243 106.5975 0.0
8.8112 119.7190 0.0
15.2551 118.5026 0.0
13.8250 119.8714 0.0
4.2318 109.6861 0.0
-5.8691 109.6455 0.0
-4.2019 109.9444 0.0
9.5674 118.4632 0.0
0.7993 107.2111 0.0
11.6822 105.4999 0.0
14.7146 111.3750 0.0
-1.1678 121.1353 0.0
6.6640 122.6352 0.0
6.1021 123.3697 0.0
6.7767 110.1434 0.0
5.0886 106.0549 0.0
7.7711 104.7167 0.0
15.6364 111.6346 0.0
-3.8921 106.2172 0.0
14.2034 115.1663 0.0
10.1626 102.9510 0.0
7.1868 119.2942 0.0
0.7746 123.0883 0.0
11.6476 113.7801 0.0
-5.9647 108.8428 0.0
9.3807 119.6252 0.0
14.0831 115.4270 0.0
6.8034 123.9188 0.0
0.2022 120.1887 0.0
3.1749 106.1430 0.0
-5.3540 109.0242 0.0
7.8828 114.6719 0.0
0.9063 110.2156 0.0
3.1055 123.4910 0.0
-5.4426 114.4022 0.0
3.3167 121.5853 0.0
12.5493 120.6620 0.0
2.8316 121.3801 0.0
-5.5714 114.3519 0.0
14.1168 116.4092 0.0
-1.7602 108.9900 0.0
4.1584 114.5228 0.0
8.1697 117.8261 0.0
1.5763 118.9722 0.0
4.4798 112.4181 0.0
0.7462 117.0162 0.0
-5.7929 113.4829 0.0
8.3737 102.8766 0.0
6.6278 110.9683 0.0
7.0062 113.7987 0.0
12.1264 104.3214 0.0
-3.8378 109.3474 0.0
-4.4839 118.6255 0.0
8.6285 114.0504 0.0
6.7160 106.8220 0.0
9.2547 104.9954 0.0
14.5092 119.8922 0.0
4.9734 124.8085 0.0
-4.8094 112.0827 0.0
1.6460 120.6752 0.0
0.9355 119.6985 0.0
-0.5204 113.1688 0.0
0.3647 113.2411 0.0
-2.3275 122.9831 0.0
8.8931 103.8863 0.0
5.4545 124.5865 0.0
6.0274 117.9649 0.0
5.1108 103.9582 0.0
8.8904 122.5200 0.0
-6.2796 113.9010 0.0
5.1610 102.8194 0.0
11.8051 109.6473 0.0
-1.5836 106.5707 0.0
10.8781 106.0624 0.0
10.1645 121.5219 0.0
1.5027 114.6393 0.0
3.4574 120.1834 0.0
1.5950 113.3659 0.0
-2.0266 115.5355 0.0
5.9372 110.9368 0.0
6.7357 110.9221 0.0
-4.0117 105.9767 0.0
-3.9988 115.5334 0.0
6.8728 104.6142 0.0
-6.5395 117.1310 0.0
-1.8868 104.4876 0.0
-2.3762 114.5622 0.0
8.9102 115.3285 0.0
7.6809 111.1410 0.0
2.9012 106.4802 0.0
8.5755 121.2913 0.0
-1.1463 115.8285 0.0
-3.5509 112.3392 0.0
1.0900 117.0039 0.0
-0.9831 117.0400 0.0
-1.3296 109.3806 0.0
-2.0557 104.7853 0.0
7.1109 115.2762 0.0
2.3483 123.3828 0.0
-1.2823 104.8070 0.0
12.6703 104.9427 0.0
-1.6486 109.9792 0.0
1.7919 117.2381 0.0
0.6606 102.0557 0.0
-1.8525 109.1782 0.0
0.1543 124.5608 0.0
6.4489 106.1794 0.0
-0.8235 103.7988 0.0
3.7127 102.3326 0.0
-5.5192 111.8153 0.0
-4.2421 118.0777 0.0
-0.2969 119.1096 0.0
5.6622 118.6032 0.0
-7.4005 114.5378 0.0
8.2911 117.9894 0.0
6.4057 110.6563 0.0
5.0104 109.6164 0.0
12.8494 105.8230 0.0
3.2638 115.5417 0.0
11.8011 121.5485 0.0
8.4452 119.9855 0.0
5.9787 102.3497 0.0
10.0859 123.1682 0.0
-2.3773 117.8163 0.0
5.2898 123.6033 0.0
2.7197 121.4908 0.0
-5.5741 116.8644 0.0
1.2271 121.8499 0.0
-6.3254 115.6476 0.0
-3.0643 121.7892 0.0
16.3845 112.2850 0.0
2.8467 121.6818 0.0
-2.9699 112.1965 0.0
9.4214 102.3376 0.0
11.5859 122.0666 0.0
0.6244 108.7436 0.0
-6.3049 109.6217 0.0
6.7272 110.2395 0.0
2.0262 124.5537 0.0
2.9703 124.1234 0.0
11.5187 123.0213 0.0
12.1601 110.7573 0.0
-1.0114 115.2479 0.0
11.6533 114.7355 0.0
1.6686 113.4643 0.0
10.4545 113.2916 0.0
11.8956 114.8527 0.0
10.7914 103.2914 0.0
7.0431 103.8675 0.0
3.4547 117.9380 0.0
0.7848 102.9574 0.0
3.2395 109.0989 0.0
12.7139 113.7779 0.0
4.3715 116.9614 0.0
-6.1891 110.0956 0.0
-5.8050 111.6740 0.0
3.5298 117.4824 0.0
10.9328 115.5268 0.0
6.6652 105.7981 0.0
10.8635 118.9195 0.0
-5.0829 106.8069 0.0
2.9343 113.3481 0.0
8.2416 118.2851 0.0
-1.5365 108.1890 0.0
-0.7101 116.5126 0.0
13.0889 118.7610 0.0
15.5349 118.6869 0.0
-4.3902 113.0892 0.0
-6.9992 109.3986 0.0
-3.0326 114.9323 0.0
14.2136 112.3006 0.0
10.6476 114.1406 0.0
-1.6132 122.5229 0.0
-2.7745 105.9126 0.0
3.4983 102.7490 0.0
11.3028 115.4841 0.0
8.0228 105.0629 0.0
5.4349 108.4287 0.0
1.6861 105.6203 0.0
8.1754 104.3737 0.0
5.0049 110.4477 0.0
2.2622 121.5000 0.0
5.3017 115.9503 0.0
6.7949 112.4717 0.0
13.2883 112.8819 0.0
4.3117 122.5657 0.0
8.3517 123.5352 0.0
5.9118 106.2676 0.0
-1.1209 123.4397 0.0
1.5760 116.6936 0.0
4.0135 101.9094 0.0
-4.2845 121.1060 0.0
-7.6045 113.7914 0.0
12.1945 109.4459 0.0
7.2929 105.0422 0.0
13.7023 118.6244 0.0
8.6814 104.8439 0.0
0.5791 121.6707 0.0
2.6565 110.5546 0.0
-0.9292 109.4166 0.0
1.5404 106.0544 0.0
11.5191 115.4527 0.0
-2.3753 122.6579 0.0
2.6161 125.6259 0.0
16.0022 109.4371 0.0
2.3172 110.9418 0.0
6.8339 106.4317 0.0
14.1722 110.4509 0.0
0.8829 110.5991 0.0
15.0877 115.9366 0.0
5.0670 110.3570 0.0
-1.0041 118.4867 0.0
-2.7988 107.8247 0.0
14.0931 110.2053 0.0
5.1146 106.0115 0.0
-4.6369 111.7835 0.0
-0.0675 107.2497 0.0
9.1378 117.5606 0.0
-6.0242 113.5636 0.0
-2.5672 110.6127 0.0
4.0944 119.7809 0.0
12.6949 113.3081 0.0
10.1748 110.1622 0.0
10.6705 119.5954 0.0
-6.3209 116.8836 0.0
-6.4471 117.4576 0.0
2.9920 110.1874 0.0
-0.2775 123.7215 0.0
11.1387 116.4249 0.0
11.5094 107.6824 0.0
1.8092 102.4972 0.0
-3.1626 104.4917 0.0
-6.4150 112.8951 0.0
5.7959 117.5944 0.0
5.6476 109.0521 0.0
2.6242 112.8370 0.0
6.9655 106.4146 0.0
-2.4504 107.5999 0.0
3.1886 116.8609 0.0
2.1157 101.4579 0.0
5.5687 104.6260 0.0
14.4597 118.6394 0.0
-3.0748 104.0512 0.0
1.0005 106.0489 0.0
9.6865 108.4307 0.0
-2.4196 105.1502 0.0
9.6170 112.3831 0.0
11.3335 109.1207 0.0
6.5532 115.5450 0.0
6.9522 117.6567 0.0
2.7383 106.7487 0.0
11.2260 110.8300 0.0
11.0807 103.7563 0.0
0.4395 108.8908 0.0
10.9326 120.0655 0.0
-2.1034 112.0892 0.0
8.7558 121.1760 0.0
11.2423 123.5057 0.0
2.6728 103.6996 0.0
9.7420 105.4064 0.0
8.6943 105.2031 0.0
6.4831 114.0861 0.0
-4.2060 108.9290 0.0
5.5530 103.6085 0.0
-0.5868 107.4296 0.0
-1.5393 107.2920 0.0
10.8605 111.6910 0.0
7.3727 105.4044 0.0
1.5179 123.2111 0.0
7.5825 114.7293 0.0
-3.5957 114.3053 0.0
0.1564 110.0575 0.0
3.1453 106.7648 0.0
11.2413 105.2740 0.0
12.7529 122.5981 0.0
-2.4157 110.6760 0.0
-2.2783 114.9506 0.0
4.5830 119.8657 0.0
3.5456 117.2037 0.0
-1.1927 108.4561 0.0
8.5520 108.8703 0.0
2.2073 117.8377 0.0
0.9194 122.1125 0.0
-6.2183 113.6175 0.0
-4.3030 113.5688 0.0
11.2436 114.5084 0.0
-7.4226 113.0885 0.0
7.1210 125.3675 0.0
11.4247 115.8220 0.0
10.8786 107.5777 0.0
-5.2560 115.3315 0.0
9.6536 106.0292 0.0
10.4561 107.9858 0.0
5.4101 103.0272 0.0
-1.5209 117.8425 0.0
7.6577 122.2899 0.0
12.6696 117.6697 0.0
5.2875 104.7853 0.0
10.9743 113.0472 0.0
11.9297 120.5249 0.0
-5.0225 121.0209 0.0
-1.3087 122.7727 0.0
4.8709 101.5729 0.0
-0.9655 113.1863 0.0
12.8279 115.9991 0.0
2.2361 117.4409 0.0
-3.6390 115.7593 0.0
-5.0087 112.5671 0.0
-0.8270 108.9168 0.0
9.4377 113.2045 0.0
1.2880 123.5522 0.0
7.8612 107.1678 0.0
2.2050 104.8402 0.0
7.1972 107.2980 0.0
1.0694 106.8889 0.0
-6.0049 107.3688 0.0
2.8087 102.6658 0.0
14.5357 115.2522 0.0
12.7728 111.7194 0.0
6.2767 102.7248 0.0
2.8332 104.3133 0.0
8.9891 121.8305 0.0
-2.6051 106.8431 0.0
11.2413 122.6874 0.0
14.4252 115.5600 0.0
13.7113 121.3333 0.0
3.8421 115.0586 0.0
2.7562 109.0498 0.0
5.7283 105.6972 0.0
12.7095 104.8502 0.0
14.2299 117.6417 0.0
5.7075 117.9187 0.0
0.8345 107.5409 0.0
1.0316 121.6919 0.0
8.8475 110.7894 0.0
0.1253 119.1923 0.0
2.5414 102.8879 0.0
1.0683 104.2745 0.0
7.9010 122.5461 0.0
-1.1910 111.3251 0.0
10.2345 112.4985 0.0
2.8759 120.0021 0.0
2.9411 108.1285 0.0
0.4812 119.1200 0.0
7.8369 102.0154 0.0
9.1254 118.0042 0.0
-2.8443 120.4319 0.0
9.5600 102.3005 0.0
8.5337 102.0840 0.0
2.9510 119.9375 0.0
-1.4016 122.0285 0.0
4.1697 121.6761 0.0
7.0193 121.6719 0.0
12.7192 109.7289 0.0
11.1601 121.4254 0.0
-3.7302 108.4934 0.0
1.5838 108.2065 0.0
-1.2881 106.6828 0.0
2.0957 114.9578 0.0
12.8868 119.7959 0.0
15.2668 113.8635 0.0
12.7144 109.4791 0.0
11.6840 110.3272 0.0
-6.8848 115.1359 0.0
9.8397 112.2497 0.0
0.2691 107.9814 0.0
14.3929 119.9332 0.0
-4.5715 111.4567 0.0
14.1190 109.3308 0.0
9.8192 124.1053 0.0
9.6814 123.9436 0.0
16.2650 113.2822 0.0
-3.2279 113.7246 0.0
16.0404 110.5877 0.0
12.9403 105.0274 0.0
3.4249 113.0099 0.0
8.4964 113.0666 0.0
11.0301 113.0436 0.0
-4.5377 113.8469 0.0
11.5511 103.7318 0.0
7.4518 121.4252 0.0
6.6519 117.0351 0.0
4.1207 121.8251 0.0
4.0553 108.2107 0.0
-5.4367 108.9719 0.0
9.3180 123.1565 0.0
13.5596 106.4609 0.0
-6.6071 112.4232 0.0
2.7443 110.3378 0.0
7.8465 117.6155 0.0
4.5856 120.5020 0.0
5.0693 119.7647 0.0
14.7117 110.3631 0.0
3.3567 106.8437 0.0
3.7535 112.4186 0.0
13.9447 117.5040 0.0
3.0259 117.4586 0.0
-3.3118 113.3761 0.0
1.1603 102.3795 0.0
9.5634 118.1673 0.0
1.2207 124.7799 0.0
6.3543 122.9976 0.0
7.0627 117.2081 0.0
-3.8535 106.9432 0.0
-3.0370 111.0877 0.0
-3.6866 111.5295 0.0
6.4716 123.3659 0.0
4.6817 107.3783 0.0
14.4817 119.3264 0.0
2.1509 105.6367 0.0
1.3458 112.1542 0.0
1.5863 112.6003 0.0
-3.3294 109.6456 0.0
2.2611 117.6924 0.0
11.0935 119.5173 0.0
-0.3192 110.7251 0.0
0.8076 113.2589 0.0
-6.0654 116.7006 0.0
-3.9687 115.8626 0.0
1.6336 114.1908 0.0
2.6582 102.6211 0.0
7.6310 106.3792 0.0
-4.8395 108.4760 0.0
3.0386 115.6671 0.0
7.5962 113.3846 0.0
15.2641 118.6667 0.0
16.1221 115.9448 0.0
5.4331 105.6746 0.0
15.1386 111.9903 0.0
-4.1522 118.2435 0.0
-4.5419 121.7556 0.0
14.0347 106.9792 0.0
1.4152 106.6393 0.0
-5.1792 111.0501 0.0
-1.2175 121.6078 0.0
-0.5423 112.2975 0.0
3.2626 104.6487 0.0
10.2890 113.6284 0.0
3.9464 115.2696 0.0
-5.1797 110.7129 0.0
8.4805 105.3962 0.0
1.0320 118.5246 0.0
10.4504 110.9897 0.0
12.4300 120.4659 0.0
-5.1487 118.8862 0.0
12.5001 106.1612 0.0
4.9182 114.9822 0.0
8.3111 114.3248 0.0
1.7553 104.4145 0.0
4.3392 110.7899 0.0
5.2645 121.2775 0.0
8.2480 109.1346 0.0
1.5857 113.4286 0.0
7.1508 107.4091 0.0
0.0971 123.0264 0.0
0.0620 105.1139 0.0
2.2797 120.0893 0.0
