14.1909 115.0839 0.0
5.5780 119.8742 0.0
-0.1801 104.0671 0.0
14.4033 119.7162 0.0
12.3309 115.0185 0.0
-1.2342 113.3069 0.0
5.1315 115.4041 0.0
-5.0000 110.7333 0.0
-0.3784 110.4355 0.0
15.5302 113.9677 0.0
0.9740 103.0634 0.0
8.5052 119.4978 0.0
-1.7142 123.7760 0.0
7.5678 115.6524 0.0
-4.4807 106.6273 0.0
3.0999 102.5496 0.0
13.3573 111.9474 0.0
-2.6493 111.0727 0.0
-3.7168 105.9105 0.0
-5.5713 108.1543 0.0
14.3755 116.5192 0.0
3.0651 119.1873 0.0
4.8740 116.9583 0.0
3.8181 117.3480 0.0
-1.9619 120.8495 0.0
6.3790 120.7702 0.0
10.3445 111.0021 0.0
-3.1451 107.2360 0.0
3.8362 108.4562 0.0
0.8959 116.9081 0.0
-3.2803 104.0798 0.0
0.8429 105.1039 0.0
6.3321 102.3168 0.0
10.2534 114.6955 0.0
3.7334 120.3634 0.0
9.7774 111.4922 0.0
-0.0406 124.0512 0.0
-3.3734 119.5679 0.0
-6.8443 116.5217 0.0
4.6338 119.8344 0.0
3.7648 122.6838 0.0
12.0138 107.7565 0.0
5.9856 121.1527 0.0
-7.7332 112.7602 0.0
8.0387 114.5900 0.0
1.6715 110.5819 0.0
-5.1401 118.6513 0.0
2.2241 115.5956 0.0
-7.5421 111.2528 0.0
12.2530 104.0049 0.0
4.2595 112.2039 0.0
-5.3589 111.1575 0.0
0.4895 108.5918 0.0
0.7413 115.1333 0.0
12.4196 111.0784 0.0
3.5351 124.9646 0.0
8.2628 121.4057 0.0
12.5520 104.7726 0.0
0.1932 108.3633 0.0
9.9891 121.4665 0.0
-5.8883 110.8620 0.0
-6.1309 111.4357 0.0
4.3682 113.7629 0.0
6.0453 112.7580 0.0
10.1464 103.3199 0.0
10.8586 115.9663 0.0
15.3647 109.5987 0.0
0.9228 113.8157 0.0
4.7149 110.2681 0.0
11.9294 121.4241 0.0
-3.5484 110.8909 0.0
8.8943 108.9064 0.0
6.3975 121.3014 0.0
3.3668 104.5452 0.0
2.4191 118.5991 0.0
-2.7024 103.5917 0.0
-3.5721 112.6032 0.0
5.1757 117.7317 0.0
-1.5642 109.7399 0.0
5.5950 119.3110 0.0
2.2785 111.0994 0.0
9.3645 110.1684 0.0
14.7676 118.5667 0.0
1.5825 108.2709 0.0
8.3273 117.7408 0.0
-6.2052 108.3464 0.0
6.3206 105.2125 0.0
8.5326 123.8771 0.0
1.0327 115.1040 0.0
-3.3151 115.1455 0.0
-0.3522 104.2140 0.0
14.4186 120.7862 0.0
0.3570 120.0921 0.0
4.5962 124.9264 0.0
-0.5749 115.1980 0.0
3.0782 121.3533 0.0
9.9337 110.6131 0.0
9.7597 107.1590 0.0
13.1466 116.4214 0.0
10.8119 102.7927 0.0
15.3088 107.9108 0.0
10.1738 123.4330 0.0
6.4309 121.8828 0.0
11.7491 116.3583 0.0
12.0215 112.7881 0.0
5.8424 107.2931 0.0
-2.8271 117.3543 0.0
16.5006 113.1399 0.0
2.6962 104.5222 0.0
3.1035 118.1280 0.0
-6.1128 107.7036 0.0
4.3851 104.4391 0.0
1.9671 112.0188 0.0
9.7339 106.4476 0.0
9.2215 112.2968 0.0
5.8627 116.7112 0.0
0.2142 105.0607 0.0
8.8409 117.6195 0.0
4.7753 125.1147 0.0
-2.4219 107.0446 0.0
-2.3718 109.5096 0.0
12.6357 109.8737 0.0
3.3308 108.0699 0.0
-0.2548 117.1508 0.0
1.3926 123.0670 0.0
4.5808 106.5788 0.0
1.3080 114.3565 0.0
16.7571 113.1860 0.0
5.2620 116.7462 0.0
10.2714 110.8853 0.0
12.8587 105.3744 0.0
8.5855 119.8113 0.0
1.2756 102.7674 0.0
14.0657 112.7072 0.0
14.4108 114.0034 0.0
1.1137 124.0640 0.0
13.7672 109.6479 0.0
7.8649 116.5110 0.0
0.7080 112.1823 0.0
-0.5639 109.5805 0.0
7.4878 123.5413 0.0
3.6425 123.2539 0.0
11.6035 108.5941 0.0
13.9413 119.8724 0.0
3.1675 121.3859 0.0
4.5967 112.7734 0.0
3.7650 123.2876 0.0
-5.5120 110.1140 0.0
12.5097 113.9991 0.0
6.9981 111.2273 0.0
-6.6906 110.1812 0.0
-5.2367 107.9222 0.0
7.7872 116.9214 0.0
9.9858 109.3983 0.0
11.5158 104.9225 0.0
7.3878 124.8639 0.0
9.3948 117.2394 0.0
12.5903 106.1112 0.0
-1.1797 108.1207 0.0
8.8632 111.4180 0.0
15.7821 111.7340 0.0
12.6210 105.8232 0.0
4.3371 111.5696 0.0
10.9143 110.4669 0.0
11.7193 105.0371 0.0
3.3355 124.5055 0.0
12.9717 120.5184 0.0
11.7260 104.4168 0.0
6.8511 108.1741 0.0
1.6707 121.3326 0.0
6.0354 124.3950 0.0
5.1602 115.2755 0.0
9.1276 108.1399 0.0
2.3044 125.3736 0.0
-3.4390 119.3030 0.0
-7.3408 110.7355 0.0
13.4031 121.6039 0.0
9.7447 124.5496 0.0
3.3320 125.5017 0.0
0.7967 115.1148 0.0
0.4206 123.1464 0.0
-5.0290 112.8123 0.0
-2.2506 109.9724 0.0
2.9142 107.5059 0.0
4.9504 113.2717 0.0
2.7812 104.6513 0.0
-0.5551 104.2177 0.0
11.2009 116.7131 0.0
-0.3287 122.2575 0.0
8.4712 107.8263 0.0
1.2631 123.3963 0.0
-1.2244 117.2153 0.0
2.2977 120.9716 0.0
0.6579 115.5984 0.0
-0.7470 102.8197 0.0
-4.2204 105.7406 0.0
-1.9283 111.5019 0.0
4.4432 113.7413 0.0
-2.5504 109.6211 0.0
-5.1891 115.6754 0.0
