14.1909 115.0839 0.0
5.5780 119.8742 0.0
-0.1801 104.0671 0.0
14.4033 119.7162 0.0
12.3309 115.0185 0.0
-1.2342 113.3069 0.0
5.1315 115.4041 0.0
-5.0000 110.7333 0.0
-0.3784 110.4355 0.0
15.5302 113.9677 0.0
0.9740 103.0634 0.0
8.5052 119.4978 0.0
-1.7142 123.7760 0.0
7.5678 115.6524 0.0
-4.4807 106.6273 0.0
3.0999 102.5496 0.0
13.3573 111.9474 0.0
-2.6493 111.0727 0.0
-3.7168 105.9105 0.0
-5.5713 108.1543 0.0
14.3755 116.5192 0.0
3.0651 119.1873 0.0
4.8740 116.9583 0.0
3.8181 117.3480 0.0
-1.9619 120.8495 0.0
6.3790 120.7702 0.0
10.3445 111.0021 0.0
-3.1451 107.2360 0.0
3.8362 108.4562 0.0
0.8959 116.9081 0.0
-3.2803 104.0798 0.0
0.8429 105.1039 0.0
6.3321 102.3168 0.0
10.2534 114.6955 0.0
3.7334 120.3634 0.0
9.7774 111.4922 0.0
-0.0406 124.0512 0.0
-3.3734 119.5679 0.0
-6.8443 116.5217 0.0
4.6338 119.8344 0.0
3.7648 122.6838 0.0
12.0138 107.7565 0.0
5.9856 121.1527 0.0
-7.7332 112.7602 0.0
8.0387 114.5900 0.0
1.6715 110.5819 0.0
-5.1401 118.6513 0.0
2.2241 115.5956 0.0
-7.5421 111.2528 0.0
12.2530 104.0049 0.0
4.2595 112.2039 0.0
-5.3589 111.1575 0.0
0.4895 108.5918 0.0
0.7413 115.1333 0.0
12.4196 111.0784 0.0
3.5351 124.9646 0.0
8.2628 121.4057 0.0
12.5520 104.7726 0.0
0.1932 108.3633 0.0
9.9891 121.4665 0.0
-5.8883 110.8620 0.0
-6.1309 111.4357 0.0
4.3682 113.7629 0.0
6.0453 112.7580 0.0
10.1464 103.3199 0.0
10.8586 115.9663 0.0
15.3647 109.5987 0.0
0.9228 113.8157 0.0
4.7149 110.2681 0.0
11.9294 121.4241 0.0
-3.5484 110.8909 0.0
8.8943 108.9064 0.0
6.3975 121.3014 0.0
3.3668 104.5452 0.0
2.4191 118.5991 0.0
-2.7024 103.5917 0.0
-3.5721 112.6032 0.0
5.1757 117.7317 0.0
-1.5642 109.7399 0.0
5.5950 119.3110 0.0
2.2785 111.0994 0.0
9.3645 110.1684 0.0
14.7676 118.5667 0.0
1.5825 108.2709 0.0
8.3273 117.7408 0.0
-6.2052 108.3464 0.0
6.3206 105.2125 0.0
8.5326 123.8771 0.0
1.0327 115.1040 0.0
-3.3151 115.1455 0.0
-0.3522 104.2140 0.0
14.4186 120.7862 0.0
0.3570 120.0921 0.0
4.5962 124.9264 0.0
-0.5749 115.1980 0.0
3.0782 121.3533 0.0
9.9337 110.6131 0.0
9.7597 107.1590 0.0
13.1466 116.4214 0.0
10.8119 102.7927 0.0
15.3088 107.9108 0.0
10.1738 123.4330 0.0
6.4309 121.8828 0.0
11.7491 116.3583 0.0
12.0215 112.7881 0.0
5.8424 107.2931 0.0
-2.8271 117.3543 0.0
16.5006 113.1399 0.0
2.6962 104.5222 0.0
3.1035 118.1280 0.0
-6.1128 107.7036 0.0
4.3851 104.4391 0.0
1.9671 112.0188 0.0
9.7339 106.4476 0.0
9.2215 112.2968 0.0
5.8627 116.7112 0.0
0.2142 105.0607 0.0
8.8409 117.6195 0.0
4.7753 125.1147 0.0
-2.4219 107.0446 0.0
-2.3718 109.5096 0.0
12.6357 109.8737 0.0
3.3308 108.0699 0.0
-0.2548 117.1508 0.0
1.3926 123.0670 0.0
4.5808 106.5788 0.0
1.3080 114.3565 0.0
16.7571 113.1860 0.0
5.2620 116.7462 0.0
10.2714 110.8853 0.0
12.8587 105.3744 0.0
8.5855 119.8113 0.0
1.2756 102.7674 0.0
14.0657 112.7072 0.0
14.4108 114.0034 0.0
1.1137 124.0640 0.0
13.7672 109.6479 0.0
7.8649 116.5110 0.0
0.7080 112.1823 0.0
-0.5639 109.5805 0.0
7.4878 123.5413 0.0
3.6425 123.2539 0.0
11.6035 108.5941 0.0
13.9413 119.8724 0.0
3.1675 121.3859 0.0
4.5967 112.7734 0.0
3.7650 123.2876 0.0
-5.5120 110.1140 0.0
12.5097 113.9991 0.0
6.9981 111.2273 0.0
-6.6906 110.1812 0.0
-5.2367 107.9222 0.0
7.7872 116.9214 0.0
9.9858 109.3983 0.0
11.5158 104.9225 0.0
7.3878 124.8639 0.0
9.3948 117.2394 0.0
12.5903 106.1112 0.0
-1.1797 108.1207 0.0
8.8632 111.4180 0.0
15.7821 111.7340 0.0
12.6210 105.8232 0.0
4.3371 111.5696 0.0
10.9143 110.4669 0.0
11.7193 105.0371 0.0
3.3355 124.5055 0.0
12.9717 120.5184 0.0
11.7260 104.4168 0.0
6.8511 108.1741 0.0
1.6707 121.3326 0.0
6.0354 124.3950 0.0
5.1602 115.2755 0.0
9.1276 108.1399 0.0
2.3044 125.3736 0.0
-3.4390 119.3030 0.0
-7.3408 110.7355 0.0
13.4031 121.6039 0.0
9.7447 124.5496 0.0
3.3320 125.5017 0.0
0.7967 115.1148 0.0
0.4206 123.1464 0.0
-5.0290 112.8123 0.0
-2.2506 109.9724 0.0
2.9142 107.5059 0.0
4.9504 113.2717 0.0
2.7812 104.6513 0.0
-0.5551 104.2177 0.0
11.2009 116.7131 0.0
-0.3287 122.2575 0.0
8.4712 107.8263 0.0
1.2631 123.3963 0.0
-1.2244 117.2153 0.0
2.2977 120.9716 0.0
0.6579 115.5984 0.0
-0.7470 102.8197 0.0
-4.2204 105.7406 0.0
-1.9283 111.5019 0.0
4.4432 113.7413 0.0
-2.5504 109.6211 0.0
-5.1891 115.6754 0.0
6.3448 121.4968 0.0
11.3652 108.4914 0.0
9.7926 123.2249 0.0
0.9438 113.1536 0.0
-0.4792 121.8969 0.0
4.5794 102.3642 0.0
6.0969 123.4936 0.0
9.9111 114.3497 0.0
-1.4976 114.4450 0.0
14.6472 118.6649 0.0
-0.9159 107.7489 0.0
2.7106 108.3882 0.0
4.8260 122.1520 0.0
14.4326 113.8575 0.0
5.8358 102.8961 0.0
0.9290 115.3156 0.0
9.4676 112.1381 0.0
12.8949 116.3113 0.0
8.0484 108.4575 0.0
7.1318 105.5775 0.0
14.4965 112.7130 0.0
13.5057 110.4932 0.0
-4.3021 105.9464 0.0
-5.9017 113.1860 0.0
-6.1805 110.1675 0.0
4.0368 101.8578 0.0
4.0120 121.9604 0.0
0.5423 108.8564 0.0
-6.1418 112.0590 0.0
3.0047 123.1115 0.0
3.7397 116.8369 0.0
1.7873 119.2951 0.0
10.3190 120.5027 0.0
2.4646 107.9563 0.0
13.9845 117.6736 0.0
-3.0547 111.4247 0.0
6.6196 121.1739 0.0
11.0736 108.9379 0.0
1.3525 104.6640 0.0
5.6111 102.1427 0.0
12.0625 113.7866 0.0
4.6589 106.2002 0.0
15.3537 110.1093 0.0
4.3760 105.5350 0.0
-2.7256 108.0151 0.0
5.6003 119.1834 0.0
12.4662 115.0046 0.0
1.4364 107.0776 0.0
8.4697 120.2908 0.0
10.3330 119.6282 0.0
14.0406 115.1824 0.0
-2.5803 110.4650 0.0
3.2395 111.9190 0.0
0.1102 114.5773 0.0
2.5049 115.3966 0.0
1.8790 118.5025 0.0
-3.2637 120.8832 0.0
9.7385 104.1028 0.0
9.8647 116.5790 0.0
2.8438 113.0807 0.0
-2.7095 123.4393 0.0
6.4291 103.7348 0.0
4.7634 103.5632 0.0
8.2406 124.9755 0.0
5.5083 114.9390 0.0
2.3869 109.6837 0.0
6.3423 122.5843 0.0
5.5875 103.2470 0.0
0.5725 110.3635 0.0
12.4805 120.6635 0.0
15.3347 110.9680 0.0
8.4819 114.1552 0.0
1.4790 107.3464 0.0
-5.0665 120.7910 0.0
13.7150 118.4081 0.0
-2.6081 106.1812 0.0
5.0514 109.6070 0.0
-4.6365 106.8039 0.0
8.7472 113.0623 0.0
-1.7252 122.3967 0.0
-1.0185 119.3355 0.0
-0.2335 120.8329 0.0
9.4648 103.1980 0.0
8.3658 112.5173 0.0
9.1429 104.7789 0.0
-4.9833 117.5848 0.0
14.7646 111.1604 0.0
6.7802 107.5029 0.0
-4.4532 114.4345 0.0
3.5369 105.4440 0.0
8.2916 108.3438 0.0
14.0662 119.4723 0.0
4.9441 125.0556 0.0
-1.9339 108.1517 0.0
11.9314 114.8847 0.0
9.2007 123.9309 0.0
6.1730 108.0706 0.0
9.7280 108.5390 0.0
2.8118 123.6473 0.0
5.6710 113.1017 0.0
3.8289 109.9651 0.0
4.9398 104.9026 0.0
-1.7040 105.4039 0.0
6.7909 105.1560 0.0
5.1645 117.1986 0.0
0.9703 123.0772 0.0
-4.7255 115.0701 0.0
-3.4790 117.5412 0.0
-0.6515 122.7618 0.0
3.1520 123.7137 0.0
8.9675 117.7824 0.0
8.4356 117.2153 0.0
5.1873 104.5073 0.0
5.6069 118.6873 0.0
3.1423 105.0577 0.0
-7.4809 111.6144 0.0
9.7681 117.4109 0.0
5.2623 118.8748 0.0
9.6772 113.9681 0.0
3.1355 122.3765 0.0
-6.9372 109.4857 0.0
11.6873 120.9584 0.0
-6.9160 114.1598 0.0
-5.7439 108.3302 0.0
-3.3254 116.5768 0.0
9.4964 115.1946 0.0
-7.2868 115.1737 0.0
-4.5297 120.0197 0.0
2.2053 111.0716 0.0
6.1815 115.8034 0.0
1.4452 122.1866 0.0
13.4984 122.0223 0.0
-3.9222 106.8391 0.0
6.1603 124.3467 0.0
-3.9448 116.2202 0.0
9.7107 107.1234 0.0
0.3369 124.9775 0.0
-2.9648 107.3454 0.0
14.4887 109.9743 0.0
5.8561 118.9548 0.0
9.9978 121.9474 0.0
9.0571 115.8536 0.0
3.8957 113.6947 0.0
2.0762 122.6454 0.0
2.9228 107.8037 0.0
-5.3618 116.4432 0.0
13.5325 108.6859 0.0
-3.1983 105.7840 0.0
13.6233 109.3441 0.0
-3.1890 111.2856 0.0
12.7842 107.9894 0.0
14.5518 118.4996 0.0
2.7300 118.1795 0.0
-5.1307 109.0086 0.0
9.1801 118.2024 0.0
1.3372 103.8183 0.0
-7.4133 113.4644 0.0
12.0443 117.7688 0.0
2.2703 114.5155 0.0
4.4839 120.4876 0.0
8.1024 112.6122 0.0
-5.4896 108.3707 0.0
16.4645 113.4665 0.0
3.2697 123.5015 0.0
4.5969 111.0328 0.0
-0.3823 106.6441 0.0
9.4007 124.3180 0.0
-1.7176 106.4635 0.0
11.7286 118.2665 0.0
0.8820 119.7696 0.0
10.7918 105.5291 0.0
2.0579 106.8858 0.0
10.7007 111.2368 0.0
-6.0238 110.0545 0.0
1.2366 121.1063 0.0
11.3545 112.1747 0.0
-3.2680 112.7844 0.0
-2.1862 103.2913 0.0
-3.2286 118.1937 0.0
1.0669 117.5574 0.0
-3.0268 105.9239 0.0
7.5773 123.8350 0.0
12.6705 109.4087 0.0
1.9055 105.7996 0.0
8.7150 112.7736 0.0
5.1434 123.0915 0.0
-0.1362 111.9666 0.0
12.0989 118.6547 0.0
14.9388 106.9194 0.0
10.6662 119.2070 0.0
-6.6926 113.6150 0.0
-5.8709 112.9182 0.0
7.7565 107.9207 0.0
4.9784 125.6850 0.0
-2.2800 119.5901 0.0
-7.2654 112.8853 0.0
12.0562 104.6271 0.0
6.1041 107.2179 0.0
11.7390 110.2589 0.0
8.2500 105.5192 0.0
2.5399 119.7304 0.0
13.9003 113.4332 0.0
9.6079 120.4996 0.0
-0.5673 120.9442 0.0
-4.2784 111.0364 0.0
0.8912 120.9529 0.0
2.7736 108.4520 0.0
5.4566 122.7710 0.0
14.9020 116.5283 0.0
1.5604 103.3237 0.0
-3.8402 120.7693 0.0
8.7986 104.3678 0.0
-7.6468 113.8598 0.0
2.1394 113.4660 0.0
10.9399 106.4889 0.0
-6.1749 117.7273 0.0
-4.0748 115.8850 0.0
-4.3050 119.1053 0.0
10.1138 121.8188 0.0
12.7506 111.8424 0.0
1.9849 106.8141 0.0
10.4024 105.4301 0.0
11.6847 104.5564 0.0
1.4237 120.4123 0.0
5.1141 103.0742 0.0
15.6703 116.1621 0.0
2.3200 111.1424 0.0
16.2736 113.3016 0.0
-5.2039 117.7916 0.0
1.9314 110.6307 0.0
-6.2517 117.4957 0.0
12.8971 107.5201 0.0
5.2523 110.9678 0.0
-0.1947 118.2041 0.0
-0.0921 112.5891 0.0
6.9368 104.5311 0.0
8.9489 115.9380 0.0
-3.8613 105.6590 0.0
9.6407 110.3194 0.0
-0.0043 114.6219 0.0
4.2931 119.6977 0.0
4.9003 112.3758 0.0
-0.6173 103.0352 0.0
-0.0537 115.2459 0.0
-1.6484 109.7269 0.0
-4.2196 118.0029 0.0
7.9588 108.3821 0.0
0.3989 117.1298 0.0
5.1849 122.0368 0.0
-3.7730 109.2879 0.0
1.0722 125.2370 0.0
-2.1154 103.3208 0.0
-1.3848 110.9118 0.0
4.1597 103.3175 0.0
2.3677 111.8142 0.0
11.6267 108.4986 0.0
6.4837 107.2024 0.0
-1.2316 121.1534 0.0
-2.5991 106.7513 0.0
2.6650 103.5556 0.0
9.7499 104.9092 0.0
12.4887 107.8185 0.0
0.9301 122.6973 0.0
-2.6496 109.5902 0.0
13.3613 119.2907 0.0
4.3945 106.8155 0.0
7.9690 117.3331 0.0
13.3676 111.8496 0.0
12.1515 108.7702 0.0
4.0105 124.6986 0.0
-6.5705 114.7765 0.0
4.2618 102.4527 0.0
9.8517 118.2990 0.0
12.1307 123.0265 0.0
12.1974 103.9976 0.0
14.8593 112.1421 0.0
8.5584 102.0071 0.0
6.3763 106.2754 0.0
3.0904 113.1698 0.0
0.6431 106.1786 0.0
-4.1742 108.3888 0.0
14.8536 109.2817 0.0
4.9098 117.5328 0.0
5.9498 112.2024 0.0
12.4210 108.7209 0.0
9.8237 115.7665 0.0
13.8805 107.3156 0.0
-1.1561 117.1758 0.0
8.8284 111.9621 0.0
-2.2621 113.8138 0.0
7.4050 110.9903 0.0
0.1709 114.7978 0.0
4.0671 103.4367 0.0
-5.9263 119.3378 0.0
10.4682 122.3733 0.0
10.9225 118.1911 0.0
-2.6923 118.1899 0.0
16.2172 116.0444 0.0
-2.5014 116.1038 0.0
11.8590 103.8624 0.0
