14.1909 115.0839 0.0
5.5780 119.8742 0.0
-0.1801 104.0671 0.0
14.4033 119.7162 0.0
12.3309 115.0185 0.0
-1.2342 113.3069 0.0
5.1315 115.4041 0.0
-5.0000 110.7333 0.0
-0.3784 110.4355 0.0
15.5302 113.9677 0.0
0.9740 103.0634 0.0
8.5052 119.4978 0.0
-1.7142 123.7760 0.0
7.5678 115.6524 0.0
-4.4807 106.6273 0.0
3.0999 102.5496 0.0
13.3573 111.9474 0.0
-2.6493 111.0727 0.0
-3.7168 105.9105 0.0
-5.5713 108.1543 0.0
14.3755 116.5192 0.0
3.0651 119.1873 0.0
4.8740 116.9583 0.0
3.8181 117.3480 0.0
-1.9619 120.8495 0.0
6.3790 120.7702 0.0
10.3445 111.0021 0.0
-3.1451 107.2360 0.0
3.8362 108.4562 0.0
0.8959 116.9081 0.0
-3.2803 104.0798 0.0
0.8429 105.1039 0.0
6.3321 102.3168 0.0
10.2534 114.6955 0.0
3.7334 120.3634 0.0
9.7774 111.4922 0.0
-0.0406 124.0512 0.0
-3.3734 119.5679 0.0
-6.8443 116.5217 0.0
4.6338 119.8344 0.0
3.7648 122.6838 0.0
12.0138 107.7565 0.0
5.9856 121.1527 0.0
-7.7332 112.7602 0.0
8.0387 114.5900 0.0
1.6715 110.5819 0.0
-5.1401 118.6513 0.0
2.2241 115.5956 0.0
-7.5421 111.2528 0.0
12.2530 104.0049 0.0
4.2595 112.2039 0.0
-5.3589 111.1575 0.0
0.4895 108.5918 0.0
0.7413 115.1333 0.0
12.4196 111.0784 0.0
3.5351 124.9646 0.0
8.2628 121.4057 0.0
12.5520 104.7726 0.0
0.1932 108.3633 0.0
9.9891 121.4665 0.0
-5.8883 110.8620 0.0
-6.1309 111.4357 0.0
4.3682 113.7629 0.0
6.0453 112.7580 0.0
10.1464 103.3199 0.0
10.8586 115.9663 0.0
15.3647 109.5987 0.0
0.9228 113.8157 0.0
4.7149 110.2681 0.0
11.9294 121.4241 0.0
-3.5484 110.8909 0.0
8.8943 108.9064 0.0
6.3975 121.3014 0.0
3.3668 104.5452 0.0
2.4191 118.5991 0.0
-2.7024 103.5917 0.0
-3.5721 112.6032 0.0
5.1757 117.7317 0.0
-1.5642 109.7399 0.0
5.5950 119.3110 0.0
2.2785 111.0994 0.0
9.3645 110.1684 0.0
14.7676 118.5667 0.0
1.5825 108.2709 0.0
8.3273 117.7408 0.0
-6.2052 108.3464 0.0
6.3206 105.2125 0.0
8.5326 123.8771 0.0
1.0327 115.1040 0.0
-3.3151 115.1455 0.0
-0.3522 104.2140 0.0
14.4186 120.7862 0.0
0.3570 120.0921 0.0
4.5962 124.9264 0.0
-0.5749 115.1980 0.0
3.0782 121.3533 0.0
9.9337 110.6131 0.0
9.7597 107.1590 0.0
13.1466 116.4214 0.0
10.8119 102.7927 0.0
