8
WALKER-0-0
1 70001U 14001A   14273.50403866  .00012237  00000-0  21631-3 0  9994
2 70001  97.4624  29.0000 0002045 126.1182   0.0000 15.18173459    10
WALKER-0-1
1 70002U 14001A   14273.50403866  .00012237  00000-0  21631-3 0  9995
2 70002  97.4624  29.0000 0002045 126.1182  90.0000 15.18173459    10
WALKER-0-2
1 70003U 14001A   14273.50403866  .00012237  00000-0  21631-3 0  9996
2 70003  97.4624  29.0000 0002045 126.1182 180.0000 15.18173459    11
WALKER-0-3
1 70004U 14001A   14273.50403866  .00012237  00000-0  21631-3 0  9997
2 70004  97.4624  29.0000 0002045 126.1182 270.0000 15.18173459    12
WALKER-1-0
1 70005U 14001A   14273.50403866  .00012237  00000-0  21631-3 0  9998
2 70005  97.4624 119.0000 0002045 126.1182   0.0000 15.18173459    14
WALKER-1-1
1 70006U 14001A   14273.50403866  .00012237  00000-0  21631-3 0  9999
2 70006  97.4624 119.0000 0002045 126.1182  90.0000 15.18173459    14
WALKER-1-2
1 70007U 14001A   14273.50403866  .00012237  00000-0  21631-3 0  9990
2 70007  97.4624 119.0000 0002045 126.1182 180.0000 15.18173459    15
WALKER-1-3
1 70008U 14001A   14273.50403866  .00012237  00000-0  21631-3 0  9991
2 70008  97.4624 119.0000 0002045 126.1182 270.0000 15.18173459    16
