6
WALKER-0-0
1 70001U 14001A   14273.50403866  .00012237  00000-0  21631-3 0  9991
2 70001  51.6467 297.5710 0002045 126.1182   0.0000 15.50748592    11
WALKER-0-1
1 70002U 14001A   14273.50403866  .00012237  00000-0  21631-3 0  9992
2 70002  51.6467 297.5710 0002045 126.1182 120.0000 15.50748592    12
WALKER-0-2
1 70003U 14001A   14273.50403866  .00012237  00000-0  21631-3 0  9993
2 70003  51.6467 297.5710 0002045 126.1182 240.0000 15.50748592    13
WALKER-1-0
1 70004U 14001A   14273.50403866  .00012237  00000-0  21631-3 0  9994
2 70004  51.6467 117.5710 0002045 126.1182  60.0000 15.50748592    14
WALKER-1-1
1 70005U 14001A   14273.50403866  .00012237  00000-0  21631-3 0  9995
2 70005  51.6467 117.5710 0002045 126.1182 180.0000 15.50748592    15
WALKER-1-2
1 70006U 14001A   14273.50403866  .00012237  00000-0  21631-3 0  9996
2 70006  51.6467 117.5710 0002045 126.1182 300.0000 15.50748592    16
