41.0847 -5.5907 0.0
40.0124 1.2984 0.0
37.1305 -2.5402 0.0
41.0119 -8.4288 0.0
41.4933 -3.5110 0.0
36.3881 -1.6292 0.0
44.0631 -3.7618 0.0
39.6037 -7.6850 0.0
42.1623 -4.7763 0.0
44.3281 -2.7649 0.0
39.4444 -4.0705 0.0
36.9384 0.0335 0.0
38.2904 -2.5452 0.0
40.2731 -2.8450 0.0
37.1630 -3.7274 0.0
40.3979 -1.0158 0.0
38.1016 -3.1400 0.0
42.5361 -3.4042 0.0
36.2784 -5.6957 0.0
41.5499 0.4989 0.0
42.9919 -8.3374 0.0
39.3612 -2.0578 0.0
39.2154 -8.6686 0.0
36.2970 -1.1589 0.0
38.1708 -8.5215 0.0
38.0264 -5.5205 0.0
42.5380 -8.3674 0.0
37.4281 -6.0435 0.0
40.1756 -2.7399 0.0
36.6902 -1.1416 0.0
38.3544 -4.5666 0.0
38.4150 -8.2082 0.0
37.5849 -2.4849 0.0
40.7074 -7.9489 0.0
37.5950 -1.1961 0.0
43.2300 -3.0705 0.0
39.8667 -5.0017 0.0
36.4215 -7.0464 0.0
41.4911 -0.5982 0.0
43.3040 -4.2971 0.0
36.3121 -5.0991 0.0
40.6036 1.5813 0.0
43.2179 -5.0677 0.0
36.8316 -2.6962 0.0
37.9094 -4.7344 0.0
44.5338 -3.6236 0.0
41.8433 -8.5252 0.0
39.8851 -9.3461 0.0
36.1205 -4.4480 0.0
37.1253 -1.8596 0.0
40.8668 -4.8434 0.0
41.1898 0.3843 0.0
36.9573 -3.4352 0.0
38.6128 -0.9428 0.0
37.7822 -6.8467 0.0
36.7395 -2.6353 0.0
40.2336 -2.8558 0.0
38.5049 -5.0804 0.0
41.3879 -9.0266 0.0
41.7651 -8.6209 0.0
41.3758 -6.3166 0.0
43.3336 -1.4240 0.0
40.7160 -3.7604 0.0
40.1483 1.2734 0.0
39.0841 -5.2014 0.0
42.5287 -2.3721 0.0
38.3675 -4.2312 0.0
39.8729 -1.4472 0.0
36.4970 -2.4391 0.0
37.6205 -3.2831 0.0
39.6145 -3.2394 0.0
41.2448 -0.3059 0.0
41.3362 -4.9694 0.0
40.9539 0.2255 0.0
41.5683 -7.9989 0.0
40.7822 -3.7347 0.0
39.8027 -6.0334 0.0
39.6311 -6.0846 0.0
36.5796 -5.1698 0.0
42.2247 -4.2507 0.0
36.1429 -4.3755 0.0
38.8728 -6.0580 0.0
37.6266 -5.5219 0.0
38.4040 -6.2687 0.0
39.8097 -2.4721 0.0
43.2761 -7.8999 0.0
41.7061 -6.3527 0.0
42.4625 -5.0472 0.0
36.7850 -1.2844 0.0
42.3932 -3.6725 0.0
44.2336 -2.5309 0.0
44.0936 -5.0799 0.0
41.7450 0.0755 0.0
44.2696 -4.7266 0.0
36.3704 -4.1040 0.0
38.5560 -0.8694 0.0
39.2018 -6.1958 0.0
41.1551 -0.2025 0.0
39.4054 -5.4683 0.0
37.6908 -3.8256 0.0
41.9122 -6.2471 0.0
44.3751 -3.1979 0.0
39.1918 -1.5063 0.0
41.0489 -9.5394 0.0
40.7403 -0.5029 0.0
42.0710 -7.9372 0.0
37.7232 0.8812 0.0
38.5115 -8.9193 0.0
43.2544 -4.2012 0.0
39.8031 -6.6396 0.0
40.7701 -2.3342 0.0
41.1271 1.6227 0.0
36.9710 -6.8415 0.0
37.3504 0.1388 0.0
39.4658 -0.5192 0.0
36.8120 -7.1531 0.0
43.4735 -7.5606 0.0
38.5680 -4.5121 0.0
41.5458 -3.3681 0.0
40.9487 -5.0132 0.0
42.0277 -8.4201 0.0
38.1702 -6.0993 0.0
37.2728 -0.2297 0.0
40.6960 0.5454 0.0
40.0027 -2.1604 0.0
36.2368 -6.0124 0.0
35.9640 -2.3489 0.0
40.6831 -6.8372 0.0
44.2162 -3.4145 0.0
43.2251 -1.2112 0.0
41.2822 -5.1462 0.0
40.1961 -2.6576 0.0
36.2069 -1.0509 0.0
40.8958 -2.0969 0.0
40.0543 -6.7121 0.0
41.3587 -4.8306 0.0
42.8550 -4.5003 0.0
38.9666 1.5554 0.0
37.8975 -3.4042 0.0
39.3161 -5.3464 0.0
41.0306 -3.7525 0.0
38.8792 1.7529 0.0
36.8354 -2.4243 0.0
42.4599 -2.5632 0.0
44.3579 -4.8874 0.0
43.5252 -0.1065 0.0
38.5974 -5.6664 0.0
35.8470 -5.3777 0.0
38.1752 -7.9713 0.0
37.9265 -4.6018 0.0
40.1942 -0.5760 0.0
39.8909 -2.1862 0.0
35.9152 -1.9578 0.0
37.8846 -7.5471 0.0
36.7687 -0.2133 0.0
38.9757 -0.9535 0.0
41.5879 -6.5370 0.0
38.7529 1.4169 0.0
37.6372 -4.7608 0.0
37.3193 -6.3627 0.0
42.3454 -3.4585 0.0
42.1322 -2.5572 0.0
43.1500 -1.9511 0.0
39.3246 -5.0391 0.0
40.7727 -6.8850 0.0
42.1908 -6.9623 0.0
38.3719 -3.8503 0.0
43.6854 -1.3917 0.0
42.1694 1.2377 0.0
44.0813 -4.3197 0.0
38.4072 0.9881 0.0
38.6734 -4.0025 0.0
38.9740 1.5905 0.0
42.8125 0.4838 0.0
44.3430 -2.7192 0.0
42.2111 -5.7173 0.0
43.5023 -6.7289 0.0
40.0387 -9.2108 0.0
41.7665 0.5571 0.0
41.7551 -0.5969 0.0
38.2597 -8.1454 0.0
42.2148 -2.6678 0.0
41.7171 -9.2100 0.0
36.9169 -4.9481 0.0
36.1659 -2.2632 0.0
38.6419 -0.6951 0.0
42.3946 -3.3741 0.0
37.0063 -1.4700 0.0
43.2771 -2.1372 0.0
41.8673 -1.1589 0.0
40.0465 -1.7563 0.0
36.8590 -0.6284 0.0
37.9714 -6.2433 0.0
42.3081 -3.6963 0.0
36.8680 -3.8537 0.0
36.7841 -2.0424 0.0
39.7036 -8.6606 0.0
37.9431 -3.7408 0.0
40.6231 0.1829 0.0
37.4559 -5.2262 0.0
43.8600 -6.5933 0.0
38.7083 -6.2798 0.0
41.0266 -3.2695 0.0
42.4463 -6.7534 0.0
40.3180 -6.1621 0.0
38.5376 1.2763 0.0
42.3178 -7.8003 0.0
39.3115 -7.2420 0.0
36.9403 -6.6502 0.0
43.4508 -7.1158 0.0
36.1655 -6.3190 0.0
40.1304 -1.3648 0.0
38.2368 -4.9881 0.0
43.8436 -2.1854 0.0
39.3767 -8.5737 0.0
37.4968 -4.1567 0.0
39.9075 -6.1939 0.0
41.0384 -3.9690 0.0
37.3421 -7.6408 0.0
42.1233 -5.4103 0.0
42.9636 0.5810 0.0
42.3000 -8.1614 0.0
39.0178 -8.3683 0.0
42.8044 -5.6228 0.0
36.8626 0.0680 0.0
36.4614 -1.6778 0.0
39.3041 -1.7097 0.0
41.4809 -4.9600 0.0
43.3636 0.0853 0.0
37.2160 -1.3489 0.0
39.7020 -1.8940 0.0
40.1315 -6.7544 0.0
40.2426 -3.4841 0.0
43.0901 -3.3171 0.0
37.3316 -6.6944 0.0
41.2442 1.3378 0.0
37.8223 -4.6532 0.0
38.1200 -5.4039 0.0
39.2239 -6.5173 0.0
41.5783 -8.7005 0.0
35.8797 -5.4589 0.0
42.0792 -7.0683 0.0
36.5752 -6.0375 0.0
39.5465 -0.2781 0.0
40.6606 -5.6353 0.0
40.1110 -5.8465 0.0
43.3777 -4.7767 0.0
44.0061 -4.6778 0.0
38.4756 -3.8347 0.0
38.8601 0.2877 0.0
38.1541 -0.5690 0.0
43.4061 -3.8069 0.0
37.2959 -2.6126 0.0
38.1346 -1.9147 0.0
38.5209 -8.5765 0.0
38.2458 -7.1262 0.0
40.9264 -0.3725 0.0
40.0892 -3.4696 0.0
42.6974 -6.9030 0.0
36.0520 -4.1975 0.0
35.7997 -2.4353 0.0
36.6834 -0.9265 0.0
44.0059 -4.2241 0.0
41.3302 -0.9838 0.0
36.6635 -4.7231 0.0
42.8326 -3.7518 0.0
37.6312 -2.1847 0.0
41.9793 -6.6905 0.0
39.7889 -8.2944 0.0
40.1047 -9.3923 0.0
40.0536 -7.9489 0.0
37.9996 -7.6083 0.0
37.1614 -1.2597 0.0
37.7574 -7.2982 0.0
41.0195 -9.3948 0.0
40.5914 -9.1975 0.0
36.9365 -7.0907 0.0
39.8943 -0.3738 0.0
42.7951 -7.3456 0.0
42.0523 -0.2930 0.0
36.0529 -3.3100 0.0
43.0866 -2.7008 0.0
40.0315 -8.0210 0.0
38.3433 -0.8167 0.0
43.7538 -3.2409 0.0
43.1581 -5.2179 0.0
37.0884 -1.0102 0.0
37.1884 -6.8159 0.0
40.6772 -1.2407 0.0
39.6316 1.6567 0.0
40.7349 -5.2340 0.0
37.9378 -0.7016 0.0
39.8696 -8.0137 0.0
39.0814 -5.8064 0.0
41.6460 -8.3803 0.0
38.3349 -5.7682 0.0
38.1285 -4.8880 0.0
40.5991 -6.1911 0.0
38.1290 0.9657 0.0
42.2030 -4.4540 0.0
42.2384 -7.9323 0.0
40.7714 -4.4357 0.0
38.6974 0.4033 0.0
40.3525 -7.6769 0.0
41.6068 1.0066 0.0
41.9362 0.1774 0.0
35.9777 -1.8193 0.0
39.5521 -9.3872 0.0
39.8741 0.7285 0.0
42.2392 -0.5708 0.0
39.7807 -5.9609 0.0
40.1609 -7.3572 0.0
39.6993 -6.6511 0.0
38.8352 0.8471 0.0
38.9674 -2.6752 0.0
42.6904 -1.4089 0.0
41.9644 -2.9651 0.0
42.8000 -6.7468 0.0
42.1805 -3.2385 0.0
41.6339 -8.3511 0.0
36.7924 -7.5919 0.0
41.5176 -6.7546 0.0
39.5926 -5.7172 0.0
39.0164 -2.7621 0.0
37.8601 -0.9625 0.0
40.3491 -1.4349 0.0
36.1773 -2.5909 0.0
40.9493 0.5137 0.0
38.3034 0.5185 0.0
43.0567 -6.2654 0.0
44.4337 -2.1533 0.0
42.6499 -7.9192 0.0
38.2504 -1.6060 0.0
43.1270 -6.0125 0.0
42.2108 -6.3705 0.0
42.3940 0.3494 0.0
44.4161 -3.2952 0.0
39.2636 -5.7536 0.0
39.3565 -2.8658 0.0
38.5602 -3.3405 0.0
43.5617 -6.8235 0.0
40.9232 -3.4171 0.0
44.1120 -2.3991 0.0
41.8777 -1.7639 0.0
41.4739 -3.5237 0.0
40.0160 -8.5143 0.0
42.2441 -7.8426 0.0
37.3207 -0.7756 0.0
43.6446 -4.7151 0.0
40.2938 0.8683 0.0
41.1504 -4.4001 0.0
38.1133 -0.1735 0.0
36.8867 -5.5179 0.0
43.1526 -2.2480 0.0
37.8575 -2.0094 0.0
41.6020 -5.6227 0.0
38.6056 -7.0880 0.0
39.9772 -8.7842 0.0
40.1905 -8.8143 0.0
42.3682 -4.2645 0.0
41.6615 -4.9456 0.0
42.6263 -8.1764 0.0
41.0057 -3.0980 0.0
36.1588 -2.8104 0.0
42.8610 -4.1728 0.0
39.2544 -4.0605 0.0
42.2116 -1.0106 0.0
39.3941 -7.3902 0.0
44.3108 -2.9799 0.0
42.8830 -1.5429 0.0
43.5900 -1.1338 0.0
39.5164 -3.1078 0.0
38.6489 0.8042 0.0
40.5856 -5.8639 0.0
42.6304 -7.9790 0.0
37.9306 -2.3576 0.0
38.0522 -4.8520 0.0
38.7715 -0.9666 0.0
43.9689 -5.2387 0.0
42.8572 -1.0866 0.0
36.6928 -2.3248 0.0
39.2829 -9.5574 0.0
38.8996 -8.9441 0.0
42.7607 -6.4240 0.0
39.0847 1.3446 0.0
38.9148 -2.1373 0.0
42.7945 -1.3954 0.0
37.7822 -5.3941 0.0
40.5100 -4.9544 0.0
38.7248 0.5338 0.0
38.6614 -1.2669 0.0
40.1136 -7.1777 0.0
36.9974 -4.5087 0.0
41.6270 -4.9893 0.0
38.9360 -0.8699 0.0
41.3075 -4.0283 0.0
42.7969 -5.9456 0.0
44.3903 -4.8978 0.0
43.7610 -6.2235 0.0
41.5072 -9.1764 0.0
38.5062 -4.1493 0.0
43.5452 -4.0395 0.0
38.9768 -8.8017 0.0
37.6313 0.0468 0.0
37.4298 -8.2995 0.0
37.3549 -3.0073 0.0
35.7770 -4.9947 0.0
41.2355 -1.8988 0.0
36.6960 -5.6999 0.0
41.8479 1.2954 0.0
39.7395 -7.5576 0.0
40.9547 -3.0625 0.0
39.8097 0.4860 0.0
40.0295 -1.9150 0.0
36.6114 -4.5996 0.0
41.2678 -3.1031 0.0
37.5596 -8.0709 0.0
41.3475 -5.6949 0.0
39.6883 -3.1900 0.0
39.1150 -9.0670 0.0
41.9953 -5.8035 0.0
42.4453 -7.2258 0.0
36.3465 -1.3250 0.0
36.5849 -5.1606 0.0
41.4400 -9.2764 0.0
41.6375 -8.4317 0.0
39.9523 2.0306 0.0
40.0967 -6.4634 0.0
36.2068 -4.2914 0.0
37.5560 -1.5000 0.0
41.3475 -9.1141 0.0
43.4669 -2.7100 0.0
36.1296 -2.4318 0.0
39.5398 -1.3943 0.0
43.8740 -3.6608 0.0
39.6314 -1.9059 0.0
40.0540 -9.3581 0.0
35.8680 -5.3744 0.0
36.9124 -5.2381 0.0
36.9905 -4.9408 0.0
44.0324 -5.3636 0.0
38.1702 -6.5636 0.0
39.3382 -0.7445 0.0
37.3965 -5.9846 0.0
43.4362 -4.4679 0.0
38.9513 -5.6236 0.0
39.7473 -9.6619 0.0
37.8474 -0.5793 0.0
42.7652 -5.2754 0.0
38.0802 -8.6919 0.0
43.9377 -6.3512 0.0
37.0619 -0.2179 0.0
41.0091 -7.6648 0.0
40.1265 -7.4132 0.0
38.5234 -0.3438 0.0
42.3964 -1.1794 0.0
37.8314 -2.0540 0.0
40.4225 -3.1313 0.0
41.5760 -6.1623 0.0
39.3390 0.5559 0.0
39.9141 2.0271 0.0
39.9254 -8.0285 0.0
36.7204 -1.8490 0.0
36.1896 -3.3683 0.0
36.3396 -3.5606 0.0
39.2028 -9.4858 0.0
41.0713 -2.5400 0.0
40.7128 1.8928 0.0
40.1228 -2.8807 0.0
43.1125 -5.0334 0.0
39.6668 -7.4872 0.0
43.6170 -0.9802 0.0
43.6537 -3.9512 0.0
36.8819 -4.7653 0.0
42.6348 -4.9778 0.0
43.6671 -0.3394 0.0
37.2115 -1.7179 0.0
42.8452 -0.5660 0.0
39.7213 -0.8548 0.0
40.9741 -7.7463 0.0
41.0823 -9.1252 0.0
43.2954 -1.3141 0.0
38.7651 -7.0266 0.0
37.7013 -3.9859 0.0
43.3257 -0.1057 0.0
43.4074 -0.4824 0.0
42.4530 -5.8733 0.0
38.1376 -4.1718 0.0
42.3497 -6.2824 0.0
39.0621 1.8467 0.0
42.6310 -6.3545 0.0
40.8691 0.3970 0.0
38.0984 0.5400 0.0
43.2676 -3.6095 0.0
37.6773 -8.7048 0.0
44.3806 -4.9339 0.0
37.8867 -4.5947 0.0
40.3221 -7.7173 0.0
40.6918 1.5098 0.0
39.4981 -6.7903 0.0
42.1098 -1.0806 0.0
38.2938 -4.7975 0.0
43.5073 -4.9571 0.0
37.5952 -6.5398 0.0
38.6509 -2.6619 0.0
39.3378 -6.7541 0.0
40.6529 -0.8713 0.0
37.4574 -3.1746 0.0
38.0780 -5.9351 0.0
41.5321 -5.5413 0.0
36.4801 -4.8894 0.0
39.6391 -2.5722 0.0
37.8492 -7.6843 0.0
43.2838 -7.1627 0.0
37.6143 -3.6997 0.0
41.9303 -1.4014 0.0
40.0691 -1.6339 0.0
38.8429 -4.2503 0.0
36.6597 -5.7295 0.0
40.6908 0.9744 0.0
38.3078 -4.9095 0.0
36.4035 -1.2391 0.0
40.4279 -3.7816 0.0
38.2777 -5.9804 0.0
40.3460 -2.1442 0.0
43.8309 -4.2857 0.0
38.0241 -5.8647 0.0
43.3410 -3.2176 0.0
41.7906 -1.2394 0.0
40.4195 -6.7465 0.0
43.7262 -2.5945 0.0
39.9413 -5.4424 0.0
39.5470 -2.1083 0.0
42.3580 -2.8923 0.0
40.6472 -3.0351 0.0
42.7360 -5.3305 0.0
40.3166 0.8551 0.0
39.5891 0.9570 0.0
38.7298 -0.0376 0.0
37.5109 0.7459 0.0
37.5915 -7.9095 0.0
36.8932 -7.1648 0.0
36.6654 -0.7557 0.0
37.4466 -7.1551 0.0
37.1350 -5.5095 0.0
37.5525 -1.1698 0.0
37.2738 -7.9504 0.0
43.2801 -2.3833 0.0
41.5906 -0.0977 0.0
38.2259 -2.7424 0.0
40.1289 0.5081 0.0
37.8388 -4.4050 0.0
37.5979 -1.5239 0.0
39.1232 -2.4798 0.0
36.6393 -5.1315 0.0
41.9825 -7.4313 0.0
38.6098 -8.4062 0.0
39.8574 -2.8733 0.0
42.2105 0.1946 0.0
42.8367 0.5366 0.0
41.0244 1.5516 0.0
42.5249 -8.2216 0.0
42.1295 -6.0201 0.0
41.1858 -5.7357 0.0
37.5562 -2.4884 0.0
38.8944 -5.0245 0.0
38.9725 -6.4722 0.0
36.9405 -7.0122 0.0
40.5262 -3.9863 0.0
37.4505 -8.2330 0.0
37.5744 -5.2013 0.0
36.0484 -2.4420 0.0
36.9053 -6.8375 0.0
42.8083 -5.3771 0.0
37.8755 -6.1435 0.0
39.1171 -3.5821 0.0
39.8903 -4.9183 0.0
40.2430 -3.7923 0.0
41.0961 -2.3250 0.0
38.1526 -0.5441 0.0
42.4655 -4.1434 0.0
37.7247 -8.4562 0.0
41.8455 -8.5910 0.0
40.9348 -6.5437 0.0
38.1023 -4.9274 0.0
41.5976 -0.8810 0.0
43.5657 -6.4259 0.0
41.9708 -6.0840 0.0
38.6856 -6.7176 0.0
40.7578 -9.6317 0.0
39.1642 -3.2785 0.0
39.3857 -0.3647 0.0
36.3510 -1.9089 0.0
37.6497 -7.5106 0.0
43.1782 -2.3712 0.0
43.0002 -6.8671 0.0
38.9731 -5.7331 0.0
38.4390 -0.3827 0.0
43.8816 -4.5975 0.0
40.6663 -4.3493 0.0
41.5371 -6.9711 0.0
39.7459 -6.2296 0.0
39.4101 -2.2377 0.0
37.6857 -8.6442 0.0
36.2718 -2.5778 0.0
37.0543 -3.6429 0.0
39.4761 -8.9189 0.0
38.2944 -2.8875 0.0
37.1548 -5.7048 0.0
42.4512 -8.6062 0.0
38.8979 -2.2339 0.0
41.6018 -3.5117 0.0
40.6396 -2.3664 0.0
38.1815 -8.2884 0.0
39.1753 1.2615 0.0
41.8836 -4.2334 0.0
43.9979 -5.5806 0.0
39.6469 -3.3426 0.0
39.8247 -8.4854 0.0
35.9619 -5.1468 0.0
42.9469 -3.7069 0.0
44.1438 -4.4184 0.0
37.8943 -8.5931 0.0
40.3168 -0.4020 0.0
43.7747 -5.8694 0.0
42.1230 1.3062 0.0
36.7089 -4.1993 0.0
40.9470 -7.5193 0.0
39.4469 -9.4366 0.0
38.7658 -8.4043 0.0
36.5988 -4.9159 0.0
40.5498 -6.7026 0.0
39.1779 -5.4216 0.0
37.5364 -5.1731 0.0
36.5677 -3.2087 0.0
40.4392 1.9630 0.0
40.6141 -4.0093 0.0
39.6968 -0.6013 0.0
37.7397 -5.9561 0.0
38.9599 -9.4529 0.0
37.6605 -4.5458 0.0
37.1256 -3.8688 0.0
41.5753 -0.5329 0.0
37.9690 -1.4601 0.0
40.9598 -6.2306 0.0
41.7029 -0.9608 0.0
42.0377 -7.4877 0.0
37.2766 -7.4283 0.0
38.1573 0.4729 0.0
40.0840 -1.6129 0.0
39.6537 -0.4176 0.0
41.9603 -0.5957 0.0
40.1097 -1.7111 0.0
40.7737 -6.2958 0.0
41.1875 0.2504 0.0
42.1798 -6.6014 0.0
36.9143 -5.3123 0.0
41.0764 -0.3678 0.0
43.2839 -1.6662 0.0
43.8669 -1.9889 0.0
37.2621 -0.4193 0.0
37.0138 -6.4540 0.0
38.5684 -4.3351 0.0
40.2050 -2.2332 0.0
39.5201 -0.2935 0.0
43.7829 -4.2242 0.0
41.5568 -6.8070 0.0
39.5983 -6.5245 0.0
37.5511 -4.5924 0.0
40.7627 -5.3746 0.0
38.1366 -3.2189 0.0
41.0322 -6.7691 0.0
37.5437 -6.8222 0.0
40.0173 1.2682 0.0
40.6517 -5.0773 0.0
41.1009 -6.8784 0.0
37.1106 -7.9953 0.0
41.0160 -5.3278 0.0
40.2297 0.8412 0.0
38.0898 -3.9595 0.0
41.4398 -4.9692 0.0
41.7329 -8.3082 0.0
42.6051 -5.5175 0.0
39.7911 -5.9301 0.0
42.4058 -3.7621 0.0
40.6062 -1.8823 0.0
37.3068 -0.2729 0.0
37.7774 -6.4976 0.0
38.6371 -6.1507 0.0
43.3818 -6.1109 0.0
42.0964 -7.1145 0.0
40.6614 -9.5641 0.0
39.7358 -0.0559 0.0
40.8227 -5.4321 0.0
38.6306 -4.6016 0.0
43.0476 -2.7297 0.0
41.0580 -6.2674 0.0
43.0723 -5.8003 0.0
43.6960 -0.7137 0.0
43.7081 -2.5493 0.0
37.4076 -2.4643 0.0
36.5045 -7.0669 0.0
38.1811 -3.9862 0.0
41.1979 0.1789 0.0
42.0742 -6.2800 0.0
40.8859 -9.5630 0.0
41.0856 -4.6609 0.0
41.6718 -7.2630 0.0
41.2709 -1.8540 0.0
39.1898 1.6216 0.0
39.2045 -3.8377 0.0
42.4277 -8.8495 0.0
42.9655 -3.9904 0.0
42.3318 -8.2169 0.0
37.2902 -0.9230 0.0
35.9308 -2.8044 0.0
36.0220 -5.6576 0.0
35.8924 -3.0286 0.0
37.6442 -5.8578 0.0
41.6341 -1.1615 0.0
42.1834 -7.4596 0.0
41.7050 -6.1502 0.0
40.7783 -8.9704 0.0
43.0346 -3.8592 0.0
36.5819 -6.2188 0.0
38.7826 -4.7143 0.0
40.5781 -4.2355 0.0
38.3713 -1.3223 0.0
37.9694 -7.1422 0.0
36.7203 -3.4057 0.0
42.1902 -7.6611 0.0
37.1338 -3.8316 0.0
44.1844 -3.7166 0.0
39.3188 -1.7329 0.0
41.7889 -5.4802 0.0
41.4859 -2.4121 0.0
37.6087 -4.0090 0.0
44.2115 -3.9750 0.0
36.9205 -7.2528 0.0
40.9410 -3.3876 0.0
41.6556 -8.0497 0.0
42.4113 -4.4110 0.0
37.1535 -5.7768 0.0
43.2896 -1.7356 0.0
41.8464 -4.7754 0.0
42.1511 -2.3126 0.0
39.7807 -6.9145 0.0
40.7026 -0.9119 0.0
37.7882 -3.4503 0.0
38.9137 0.9523 0.0
44.2919 -4.6579 0.0
43.7685 -1.4094 0.0
42.3934 -5.3120 0.0
42.9283 0.2129 0.0
38.1750 -0.8841 0.0
43.9620 -2.9190 0.0
40.1340 -7.1270 0.0
44.2349 -2.4336 0.0
38.3559 -7.6854 0.0
36.3993 -1.3266 0.0
41.5762 1.6482 0.0
41.1800 -2.3794 0.0
42.6118 -0.7014 0.0
40.9061 -0.9694 0.0
41.1655 -4.1528 0.0
42.6736 -4.5913 0.0
40.8595 1.0731 0.0
44.4723 -3.4966 0.0
44.5014 -2.6585 0.0
37.9939 -4.7772 0.0
40.1773 -4.3896 0.0
40.6728 -5.3881 0.0
39.3082 -4.0232 0.0
39.6412 -1.2223 0.0
37.9619 -0.8570 0.0
38.5322 -6.8490 0.0
40.9665 -1.4721 0.0
39.0557 0.8172 0.0
36.2524 -1.2948 0.0
43.2006 -3.2433 0.0
40.6487 -3.3134 0.0
38.3182 -7.8197 0.0
36.1388 -1.4712 0.0
38.0389 0.2793 0.0
39.0645 -3.0615 0.0
41.3961 -8.4644 0.0
42.3034 -8.8109 0.0
36.9293 -5.2012 0.0
36.9859 -3.2468 0.0
36.8400 -6.0473 0.0
36.1776 -2.1524 0.0
41.6597 -7.3352 0.0
36.4850 -4.5681 0.0
41.2949 -7.9691 0.0
39.9361 0.7381 0.0
38.1547 -5.8274 0.0
39.2087 -3.4984 0.0
40.6129 1.6798 0.0
39.2026 -7.5468 0.0
38.7048 -9.1585 0.0
37.4856 -0.7342 0.0
38.2701 -6.8511 0.0
40.7209 -7.2502 0.0
40.1411 -4.3609 0.0
38.7925 0.9128 0.0
39.8482 -3.2189 0.0
40.9316 -8.2149 0.0
41.2174 1.4627 0.0
41.0753 -2.6815 0.0
37.4063 -8.4527 0.0
39.5516 -5.7889 0.0
36.6990 -7.4232 0.0
42.2458 -4.4924 0.0
41.6758 0.6549 0.0
36.2028 -3.9644 0.0
37.8719 -0.5077 0.0
37.9986 -2.3044 0.0
36.9703 -2.8078 0.0
43.8759 -1.3733 0.0
41.9907 -4.8317 0.0
37.5449 -6.9107 0.0
40.2833 0.8253 0.0
40.8375 -0.2565 0.0
41.8867 -3.9803 0.0
42.9501 -7.3155 0.0
40.0890 -4.0450 0.0
37.6452 -3.7868 0.0
43.7618 -2.8904 0.0
37.5550 -5.0171 0.0
35.9473 -4.2846 0.0
38.1232 -5.8369 0.0
39.2355 0.4979 0.0
39.5936 0.4580 0.0
39.9596 -3.2506 0.0
38.8173 -3.7417 0.0
42.3198 -6.8551 0.0
40.1223 -8.9065 0.0
39.7255 1.9858 0.0
40.4720 -0.2721 0.0
38.7046 -4.0091 0.0
42.3426 -0.7745 0.0
44.4171 -4.5889 0.0
41.3125 -3.7991 0.0
40.0095 -5.2794 0.0
43.9357 -1.6404 0.0
39.7239 -3.9609 0.0
42.7132 -3.4318 0.0
40.2389 -3.2950 0.0
39.5719 -1.3094 0.0
40.1086 0.5266 0.0
40.6680 -1.0785 0.0
40.4408 1.6853 0.0
36.9339 -2.5467 0.0
37.9806 -1.9610 0.0
40.3632 -3.1482 0.0
40.3969 -8.5143 0.0
41.0734 -1.3734 0.0
43.6343 -0.6090 0.0
43.0261 -7.4589 0.0
40.9941 -5.7768 0.0
41.8159 -3.2211 0.0
38.7938 -1.2244 0.0
36.9077 -2.2369 0.0
38.0935 -8.3268 0.0
40.5952 -1.8928 0.0
43.0359 -0.4537 0.0
41.7931 -9.1362 0.0
39.6632 -1.1476 0.0
38.1398 -2.4559 0.0
42.3338 -3.2403 0.0
40.9045 -1.0593 0.0
37.5866 -2.8454 0.0
37.8747 -8.4562 0.0
42.4626 -7.2933 0.0
37.6379 -2.1949 0.0
41.2111 -6.3716 0.0
43.7054 -6.7518 0.0
42.7777 -0.8351 0.0
40.4932 -5.3379 0.0
35.9929 -4.9420 0.0
44.0505 -6.2034 0.0
37.4536 -0.1237 0.0
38.3231 -0.6490 0.0
37.3535 -3.1673 0.0
40.5472 -3.2786 0.0
38.4544 -4.8104 0.0
39.1292 -9.1499 0.0
38.4600 -3.2331 0.0
42.4895 -0.3381 0.0
39.1699 -4.9022 0.0
38.8009 -6.0810 0.0
41.2873 -5.7424 0.0
37.8842 -2.4081 0.0
42.6575 -6.6810 0.0
42.5523 -8.4817 0.0
43.5118 -1.7840 0.0
38.2399 -4.3769 0.0
39.4711 -9.5911 0.0
38.9212 -1.8087 0.0
35.7313 -4.1098 0.0
42.7705 -8.0932 0.0
37.3625 -7.5467 0.0
38.1312 0.1812 0.0
41.6171 -4.4767 0.0
40.0312 -2.7782 0.0
43.5755 -4.8349 0.0
40.1767 -1.1387 0.0
38.2100 0.9547 0.0
38.3216 -0.9544 0.0
41.0714 -4.2962 0.0
43.8901 -3.6193 0.0
41.0613 -2.4536 0.0
42.2453 -6.0969 0.0
40.3692 -1.6472 0.0
37.6337 -4.0495 0.0
35.9996 -5.1970 0.0
36.0107 -5.2827 0.0
42.1807 -6.6184 0.0
36.7528 -3.1291 0.0
38.1545 -0.5192 0.0
42.7813 -2.0939 0.0
40.3037 -6.4802 0.0
40.5637 -1.7574 0.0
38.9530 -2.0278 0.0
39.4996 -2.8271 0.0
38.6022 -7.9521 0.0
43.7139 -0.9853 0.0
41.3316 0.6155 0.0
37.7940 -5.3917 0.0
38.1683 -8.5488 0.0
44.5726 -3.1738 0.0
37.6286 -3.4233 0.0
40.9472 -3.4686 0.0
37.6002 -5.1209 0.0
41.6427 -2.9302 0.0
40.0023 -7.1398 0.0
43.5233 -3.9184 0.0
42.8382 -6.7318 0.0
36.7585 -3.2982 0.0
42.7486 -2.1863 0.0
39.5236 -5.0651 0.0
44.2757 -3.1799 0.0
39.2446 -1.6267 0.0
41.4073 -6.6653 0.0
39.3561 -1.0623 0.0
43.1286 -5.0765 0.0
38.5089 -6.2022 0.0
39.2368 -3.2892 0.0
41.0181 1.7052 0.0
38.6166 -6.7179 0.0
37.1345 -5.8593 0.0
38.5526 -7.9151 0.0
38.6140 -1.1531 0.0
37.3321 -4.3471 0.0
42.5161 -6.9756 0.0
37.4511 -2.6716 0.0
44.1731 -4.7978 0.0
39.8657 -6.7010 0.0
40.0127 -6.7463 0.0
39.2558 -3.8812 0.0
39.0802 -8.0413 0.0
41.3413 -9.2272 0.0
36.7638 -3.7514 0.0
39.6484 -4.0489 0.0
39.9702 -8.2261 0.0
38.5853 -5.0919 0.0
39.9834 -5.1477 0.0
36.3692 -1.8017 0.0
38.1854 -7.9774 0.0
42.2439 -2.1266 0.0
37.6979 0.1678 0.0
38.4489 -2.9919 0.0
44.0725 -5.3507 0.0
43.4639 -4.6621 0.0
38.2683 -3.6825 0.0
40.1789 -3.2950 0.0
44.0577 -1.8257 0.0
36.5064 -4.1141 0.0
44.6025 -4.0643 0.0
40.0178 -1.7738 0.0
37.9819 1.2937 0.0
41.7617 -5.1424 0.0
38.8751 0.4781 0.0
37.1317 -1.9043 0.0
37.2562 -5.1076 0.0
38.7524 -5.4361 0.0
36.4575 -6.9657 0.0
39.3274 1.2716 0.0
41.9041 -3.7362 0.0
43.4025 0.1263 0.0
38.5754 -6.8193 0.0
37.2973 -7.2308 0.0
41.3204 -7.4023 0.0
41.6648 -7.1866 0.0
39.9546 -5.1730 0.0
39.0706 -2.6408 0.0
41.3784 -0.2720 0.0
41.9525 -6.9694 0.0
40.4336 -2.7782 0.0
35.9137 -2.0365 0.0
