3.9472 111.1492 0.0
2.8749 116.4332 0.0
-0.0070 113.4890 0.0
3.8744 108.9724 0.0
4.3558 112.7444 0.0
-0.7494 114.1877 0.0
6.9256 112.5520 0.0
2.4662 109.5429 0.0
5.0248 111.7739 0.0
7.1906 113.3166 0.0
2.3069 112.3152 0.0
-0.1991 115.4630 0.0
1.1529 113.4851 0.0
3.1356 113.2552 0.0
0.0255 112.5784 0.0
3.2604 114.6582 0.0
0.9641 113.0289 0.0
5.3986 112.8263 0.0
-0.8591 111.0687 0.0
4.4124 115.8200 0.0
5.8544 109.0425 0.0
2.2237 113.8590 0.0
2.0779 108.7885 0.0
-0.8405 114.5484 0.0
1.0333 108.9013 0.0
0.8889 111.2031 0.0
5.4005 109.0195 0.0
0.2906 110.8019 0.0
3.0381 113.3358 0.0
-0.4473 114.5617 0.0
1.2169 111.9347 0.0
1.2775 109.1416 0.0
0.4474 113.5314 0.0
3.5699 109.3405 0.0
0.4575 114.5199 0.0
6.0925 113.0822 0.0
2.7292 111.6010 0.0
-0.7160 110.0327 0.0
4.3536 114.9785 0.0
6.1665 112.1414 0.0
-0.8254 111.5263 0.0
3.4661 116.6502 0.0
6.0804 111.5504 0.0
-0.3059 113.3693 0.0
0.7719 111.8060 0.0
7.3963 112.6580 0.0
4.7058 108.8985 0.0
2.7476 108.2688 0.0
-1.0170 112.0257 0.0
-0.0122 114.0110 0.0
3.7293 111.7224 0.0
4.0523 115.7321 0.0
-0.1802 112.8025 0.0
1.4753 114.7142 0.0
0.6447 110.1859 0.0
-0.3980 113.4160 0.0
3.0961 113.2469 0.0
1.3674 111.5406 0.0
4.2504 108.5139 0.0
4.6276 108.8251 0.0
4.2383 110.5925 0.0
6.1961 114.3451 0.0
3.5785 112.5531 0.0
3.0108 116.4140 0.0
1.9466 111.4478 0.0
5.3912 113.6179 0.0
1.2300 112.1920 0.0
2.7354 114.3273 0.0
-0.6405 113.5665 0.0
0.4830 112.9192 0.0
2.4770 112.9527 0.0
4.1073 115.2027 0.0
4.1987 111.6258 0.0
3.8164 115.6103 0.0
4.4308 109.3021 0.0
3.6447 112.5728 0.0
2.6652 110.8097 0.0
2.4936 110.7704 0.0
-0.5579 111.4721 0.0
5.0872 112.1770 0.0
-0.9946 112.0813 0.0
1.7353 110.7908 0.0
0.4891 111.2020 0.0
1.2665 110.6292 0.0
2.6722 113.5412 0.0
6.1386 109.3781 0.0
4.5686 110.5648 0.0
5.3250 111.5661 0.0
-0.3525 114.4522 0.0
5.2557 112.6205 0.0
7.0961 113.4961 0.0
6.9561 111.5410 0.0
4.6075 115.4952 0.0
7.1321 111.8120 0.0
-0.7671 112.2895 0.0
1.4185 114.7705 0.0
2.0643 110.6851 0.0
4.0176 115.2820 0.0
2.2679 111.2431 0.0
0.5533 112.5031 0.0
