16
WALKER-0-0
1 70001U 14001A   14273.50403866  .00012237  00000-0  21631-3 0  9994
2 70001  97.4624  45.0000 0002045 126.1182   0.0000 15.18173459    18
WALKER-0-1
1 70002U 14001A   14273.50403866  .00012237  00000-0  21631-3 0  9995
2 70002  97.4624  45.0000 0002045 126.1182  90.0000 15.18173459    18
WALKER-0-2
1 70003U 14001A   14273.50403866  .00012237  00000-0  21631-3 0  9996
2 70003  97.4624  45.0000 0002045 126.1182 180.0000 15.18173459    19
WALKER-0-3
1 70004U 14001A   14273.50403866  .00012237  00000-0  21631-3 0  9997
2 70004  97.4624  45.0000 0002045 126.1182 270.0000 15.18173459    10
WALKER-1-0
1 70005U 14001A   14273.50403866  .00012237  00000-0  21631-3 0  9998
2 70005  97.4624 135.0000 0002045 126.1182  22.5000 15.18173459    11
WALKER-1-1
1 70006U 14001A   14273.50403866  .00012237  00000-0  21631-3 0  9999
2 70006  97.4624 135.0000 0002045 126.1182 112.5000 15.18173459    12
WALKER-1-2
1 70007U 14001A   14273.50403866  .00012237  00000-0  21631-3 0  9990
2 70007  97.4624 135.0000 0002045 126.1182 202.5000 15.18173459    13
WALKER-1-3
1 70008U 14001A   14273.50403866  .00012237  00000-0  21631-3 0  9991
2 70008  97.4624 135.0000 0002045 126.1182 292.5000 15.18173459    13
WALKER-2-0
1 70009U 14001A   14273.50403866  .00012237  00000-0  21631-3 0  9992
2 70009  97.4624 225.0000 0002045 126.1182  45.0000 15.18173459    15
WALKER-2-1
1 70010U 14001A   14273.50403866  .00012237  00000-0  21631-3 0  9994
2 70010  97.4624 225.0000 0002045 126.1182 135.0000 15.18173459    17
WALKER-2-2
1 70011U 14001A   14273.50403866  .00012237  00000-0  21631-3 0  9995
2 70011  97.4624 225.0000 0002045 126.1182 225.0000 15.18173459    18
WALKER-2-3
1 70012U 14001A   14273.50403866  .00012237  00000-0  21631-3 0  9996
2 70012  97.4624 225.0000 0002045 126.1182 315.0000 15.18173459    19
WALKER-3-0
1 70013U 14001A   14273.50403866  .00012237  00000-0  21631-3 0  9997
2 70013  97.4624 315.0000 0002045 126.1182  67.5000 15.18173459    19
WALKER-3-1
1 70014U 14001A   14273.50403866  .00012237  00000-0  21631-3 0  9998
2 70014  97.4624 315.0000 0002045 126.1182 157.5000 15.18173459    10
WALKER-3-2
1 70015U 14001A   14273.50403866  .00012237  00000-0  21631-3 0  9999
2 70015  97.4624 315.0000 0002045 126.1182 247.5000 15.18173459    11
WALKER-3-3
1 70016U 14001A   14273.50403866  .00012237  00000-0  21631-3 0  9990
2 70016  97.4624 315.0000 0002045 126.1182 337.5000 15.18173459    12
