41.0847 -5.5907 0.0
40.0124 1.2984 0.0
37.1305 -2.5402 0.0
41.0119 -8.4288 0.0
41.4933 -3.5110 0.0
36.3881 -1.6292 0.0
44.0631 -3.7618 0.0
39.6037 -7.6850 0.0
42.1623 -4.7763 0.0
44.3281 -2.7649 0.0
39.4444 -4.0705 0.0
36.9384 0.0335 0.0
38.2904 -2.5452 0.0
40.2731 -2.8450 0.0
37.1630 -3.7274 0.0
40.3979 -1.0158 0.0
38.1016 -3.1400 0.0
42.5361 -3.4042 0.0
36.2784 -5.6957 0.0
41.5499 0.4989 0.0
42.9919 -8.3374 0.0
39.3612 -2.0578 0.0
39.2154 -8.6686 0.0
36.2970 -1.1589 0.0
38.1708 -8.5215 0.0
38.0264 -5.5205 0.0
42.5380 -8.3674 0.0
37.4281 -6.0435 0.0
40.1756 -2.7399 0.0
36.6902 -1.1416 0.0
38.3544 -4.5666 0.0
38.4150 -8.2082 0.0
37.5849 -2.4849 0.0
40.7074 -7.9489 0.0
37.5950 -1.1961 0.0
43.2300 -3.0705 0.0
39.8667 -5.0017 0.0
36.4215 -7.0464 0.0
41.4911 -0.5982 0.0
43.3040 -4.2971 0.0
36.3121 -5.0991 0.0
40.6036 1.5813 0.0
43.2179 -5.0677 0.0
36.8316 -2.6962 0.0
37.9094 -4.7344 0.0
44.5338 -3.6236 0.0
41.8433 -8.5252 0.0
39.8851 -9.3461 0.0
36.1205 -4.4480 0.0
37.1253 -1.8596 0.0
40.8668 -4.8434 0.0
41.1898 0.3843 0.0
36.9573 -3.4352 0.0
38.6128 -0.9428 0.0
37.7822 -6.8467 0.0
36.7395 -2.6353 0.0
40.2336 -2.8558 0.0
38.5049 -5.0804 0.0
41.3879 -9.0266 0.0
41.7651 -8.6209 0.0
41.3758 -6.3166 0.0
43.3336 -1.4240 0.0
40.7160 -3.7604 0.0
40.1483 1.2734 0.0
39.0841 -5.2014 0.0
42.5287 -2.3721 0.0
38.3675 -4.2312 0.0
39.8729 -1.4472 0.0
36.4970 -2.4391 0.0
37.6205 -3.2831 0.0
39.6145 -3.2394 0.0
41.2448 -0.3059 0.0
41.3362 -4.9694 0.0
40.9539 0.2255 0.0
41.5683 -7.9989 0.0
40.7822 -3.7347 0.0
39.8027 -6.0334 0.0
39.6311 -6.0846 0.0
36.5796 -5.1698 0.0
42.2247 -4.2507 0.0
36.1429 -4.3755 0.0
38.8728 -6.0580 0.0
37.6266 -5.5219 0.0
38.4040 -6.2687 0.0
39.8097 -2.4721 0.0
43.2761 -7.8999 0.0
41.7061 -6.3527 0.0
42.4625 -5.0472 0.0
36.7850 -1.2844 0.0
42.3932 -3.6725 0.0
44.2336 -2.5309 0.0
44.0936 -5.0799 0.0
41.7450 0.0755 0.0
44.2696 -4.7266 0.0
36.3704 -4.1040 0.0
38.5560 -0.8694 0.0
39.2018 -6.1958 0.0
41.1551 -0.2025 0.0
39.4054 -5.4683 0.0
37.6908 -3.8256 0.0
41.9122 -6.2471 0.0
44.3751 -3.1979 0.0
39.1918 -1.5063 0.0
41.0489 -9.5394 0.0
40.7403 -0.5029 0.0
42.0710 -7.9372 0.0
37.7232 0.8812 0.0
38.5115 -8.9193 0.0
43.2544 -4.2012 0.0
39.8031 -6.6396 0.0
40.7701 -2.3342 0.0
41.1271 1.6227 0.0
36.9710 -6.8415 0.0
37.3504 0.1388 0.0
39.4658 -0.5192 0.0
36.8120 -7.1531 0.0
43.4735 -7.5606 0.0
38.5680 -4.5121 0.0
41.5458 -3.3681 0.0
40.9487 -5.0132 0.0
42.0277 -8.4201 0.0
38.1702 -6.0993 0.0
37.2728 -0.2297 0.0
40.6960 0.5454 0.0
40.0027 -2.1604 0.0
36.2368 -6.0124 0.0
35.9640 -2.3489 0.0
40.6831 -6.8372 0.0
44.2162 -3.4145 0.0
43.2251 -1.2112 0.0
41.2822 -5.1462 0.0
40.1961 -2.6576 0.0
36.2069 -1.0509 0.0
40.8958 -2.0969 0.0
40.0543 -6.7121 0.0
41.3587 -4.8306 0.0
42.8550 -4.5003 0.0
38.9666 1.5554 0.0
37.8975 -3.4042 0.0
39.3161 -5.3464 0.0
41.0306 -3.7525 0.0
38.8792 1.7529 0.0
36.8354 -2.4243 0.0
42.4599 -2.5632 0.0
44.3579 -4.8874 0.0
43.5252 -0.1065 0.0
38.5974 -5.6664 0.0
35.8470 -5.3777 0.0
38.1752 -7.9713 0.0
37.9265 -4.6018 0.0
40.1942 -0.5760 0.0
39.8909 -2.1862 0.0
35.9152 -1.9578 0.0
37.8846 -7.5471 0.0
36.7687 -0.2133 0.0
38.9757 -0.9535 0.0
41.5879 -6.5370 0.0
38.7529 1.4169 0.0
37.6372 -4.7608 0.0
37.3193 -6.3627 0.0
42.3454 -3.4585 0.0
42.1322 -2.5572 0.0
43.1500 -1.9511 0.0
39.3246 -5.0391 0.0
40.7727 -6.8850 0.0
42.1908 -6.9623 0.0
38.3719 -3.8503 0.0
43.6854 -1.3917 0.0
42.1694 1.2377 0.0
44.0813 -4.3197 0.0
38.4072 0.9881 0.0
38.6734 -4.0025 0.0
38.9740 1.5905 0.0
42.8125 0.4838 0.0
44.3430 -2.7192 0.0
42.2111 -5.7173 0.0
43.5023 -6.7289 0.0
40.0387 -9.2108 0.0
41.7665 0.5571 0.0
41.7551 -0.5969 0.0
38.2597 -8.1454 0.0
42.2148 -2.6678 0.0
41.7171 -9.2100 0.0
36.9169 -4.9481 0.0
36.1659 -2.2632 0.0
38.6419 -0.6951 0.0
42.3946 -3.3741 0.0
37.0063 -1.4700 0.0
43.2771 -2.1372 0.0
41.8673 -1.1589 0.0
40.0465 -1.7563 0.0
36.8590 -0.6284 0.0
37.9714 -6.2433 0.0
42.3081 -3.6963 0.0
36.8680 -3.8537 0.0
36.7841 -2.0424 0.0
39.7036 -8.6606 0.0
37.9431 -3.7408 0.0
40.6231 0.1829 0.0
37.4559 -5.2262 0.0
43.8600 -6.5933 0.0
38.7083 -6.2798 0.0
41.0266 -3.2695 0.0
42.4463 -6.7534 0.0
40.3180 -6.1621 0.0
38.5376 1.2763 0.0
42.3178 -7.8003 0.0
39.3115 -7.2420 0.0
36.9403 -6.6502 0.0
43.4508 -7.1158 0.0
36.1655 -6.3190 0.0
40.1304 -1.3648 0.0
38.2368 -4.9881 0.0
43.8436 -2.1854 0.0
39.3767 -8.5737 0.0
37.4968 -4.1567 0.0
39.9075 -6.1939 0.0
41.0384 -3.9690 0.0
37.3421 -7.6408 0.0
42.1233 -5.4103 0.0
42.9636 0.5810 0.0
42.3000 -8.1614 0.0
39.0178 -8.3683 0.0
42.8044 -5.6228 0.0
36.8626 0.0680 0.0
36.4614 -1.6778 0.0
39.3041 -1.7097 0.0
41.4809 -4.9600 0.0
43.3636 0.0853 0.0
37.2160 -1.3489 0.0
39.7020 -1.8940 0.0
40.1315 -6.7544 0.0
40.2426 -3.4841 0.0
43.0901 -3.3171 0.0
37.3316 -6.6944 0.0
41.2442 1.3378 0.0
37.8223 -4.6532 0.0
38.1200 -5.4039 0.0
39.2239 -6.5173 0.0
41.5783 -8.7005 0.0
35.8797 -5.4589 0.0
42.0792 -7.0683 0.0
36.5752 -6.0375 0.0
39.5465 -0.2781 0.0
40.6606 -5.6353 0.0
40.1110 -5.8465 0.0
43.3777 -4.7767 0.0
44.0061 -4.6778 0.0
38.4756 -3.8347 0.0
38.8601 0.2877 0.0
38.1541 -0.5690 0.0
43.4061 -3.8069 0.0
37.2959 -2.6126 0.0
38.1346 -1.9147 0.0
38.5209 -8.5765 0.0
38.2458 -7.1262 0.0
40.9264 -0.3725 0.0
40.0892 -3.4696 0.0
42.6974 -6.9030 0.0
36.0520 -4.1975 0.0
35.7997 -2.4353 0.0
36.6834 -0.9265 0.0
44.0059 -4.2241 0.0
41.3302 -0.9838 0.0
36.6635 -4.7231 0.0
42.8326 -3.7518 0.0
37.6312 -2.1847 0.0
41.9793 -6.6905 0.0
39.7889 -8.2944 0.0
40.1047 -9.3923 0.0
40.0536 -7.9489 0.0
37.9996 -7.6083 0.0
37.1614 -1.2597 0.0
37.7574 -7.2982 0.0
41.0195 -9.3948 0.0
40.5914 -9.1975 0.0
36.9365 -7.0907 0.0
39.8943 -0.3738 0.0
42.7951 -7.3456 0.0
42.0523 -0.2930 0.0
36.0529 -3.3100 0.0
43.0866 -2.7008 0.0
40.0315 -8.0210 0.0
38.3433 -0.8167 0.0
43.7538 -3.2409 0.0
43.1581 -5.2179 0.0
37.0884 -1.0102 0.0
37.1884 -6.8159 0.0
40.6772 -1.2407 0.0
39.6316 1.6567 0.0
40.7349 -5.2340 0.0
37.9378 -0.7016 0.0
39.8696 -8.0137 0.0
39.0814 -5.8064 0.0
41.6460 -8.3803 0.0
38.3349 -5.7682 0.0
38.1285 -4.8880 0.0
40.5991 -6.1911 0.0
38.1290 0.9657 0.0
42.2030 -4.4540 0.0
42.2384 -7.9323 0.0
40.7714 -4.4357 0.0
38.6974 0.4033 0.0
40.3525 -7.6769 0.0
41.6068 1.0066 0.0
41.9362 0.1774 0.0
35.9777 -1.8193 0.0
39.5521 -9.3872 0.0
39.8741 0.7285 0.0
42.2392 -0.5708 0.0
39.7807 -5.9609 0.0
40.1609 -7.3572 0.0
39.6993 -6.6511 0.0
38.8352 0.8471 0.0
38.9674 -2.6752 0.0
42.6904 -1.4089 0.0
41.9644 -2.9651 0.0
42.8000 -6.7468 0.0
42.1805 -3.2385 0.0
41.6339 -8.3511 0.0
36.7924 -7.5919 0.0
41.5176 -6.7546 0.0
39.5926 -5.7172 0.0
39.0164 -2.7621 0.0
37.8601 -0.9625 0.0
40.3491 -1.4349 0.0
36.1773 -2.5909 0.0
40.9493 0.5137 0.0
38.3034 0.5185 0.0
43.0567 -6.2654 0.0
44.4337 -2.1533 0.0
42.6499 -7.9192 0.0
38.2504 -1.6060 0.0
43.1270 -6.0125 0.0
42.2108 -6.3705 0.0
42.3940 0.3494 0.0
44.4161 -3.2952 0.0
39.2636 -5.7536 0.0
39.3565 -2.8658 0.0
38.5602 -3.3405 0.0
43.5617 -6.8235 0.0
40.9232 -3.4171 0.0
44.1120 -2.3991 0.0
41.8777 -1.7639 0.0
41.4739 -3.5237 0.0
40.0160 -8.5143 0.0
42.2441 -7.8426 0.0
37.3207 -0.7756 0.0
43.6446 -4.7151 0.0
40.2938 0.8683 0.0
41.1504 -4.4001 0.0
38.1133 -0.1735 0.0
36.8867 -5.5179 0.0
43.1526 -2.2480 0.0
37.8575 -2.0094 0.0
41.6020 -5.6227 0.0
38.6056 -7.0880 0.0
39.9772 -8.7842 0.0
40.1905 -8.8143 0.0
42.3682 -4.2645 0.0
41.6615 -4.9456 0.0
42.6263 -8.1764 0.0
41.0057 -3.0980 0.0
36.1588 -2.8104 0.0
42.8610 -4.1728 0.0
39.2544 -4.0605 0.0
42.2116 -1.0106 0.0
39.3941 -7.3902 0.0
44.3108 -2.9799 0.0
42.8830 -1.5429 0.0
43.5900 -1.1338 0.0
39.5164 -3.1078 0.0
38.6489 0.8042 0.0
40.5856 -5.8639 0.0
42.6304 -7.9790 0.0
37.9306 -2.3576 0.0
38.0522 -4.8520 0.0
38.7715 -0.9666 0.0
43.9689 -5.2387 0.0
42.8572 -1.0866 0.0
36.6928 -2.3248 0.0
39.2829 -9.5574 0.0
38.8996 -8.9441 0.0
42.7607 -6.4240 0.0
39.0847 1.3446 0.0
38.9148 -2.1373 0.0
42.7945 -1.3954 0.0
37.7822 -5.3941 0.0
40.5100 -4.9544 0.0
38.7248 0.5338 0.0
38.6614 -1.2669 0.0
40.1136 -7.1777 0.0
36.9974 -4.5087 0.0
41.6270 -4.9893 0.0
38.9360 -0.8699 0.0
41.3075 -4.0283 0.0
42.7969 -5.9456 0.0
44.3903 -4.8978 0.0
43.7610 -6.2235 0.0
41.5072 -9.1764 0.0
38.5062 -4.1493 0.0
43.5452 -4.0395 0.0
38.9768 -8.8017 0.0
37.6313 0.0468 0.0
37.4298 -8.2995 0.0
37.3549 -3.0073 0.0
35.7770 -4.9947 0.0
41.2355 -1.8988 0.0
36.6960 -5.6999 0.0
41.8479 1.2954 0.0
39.7395 -7.5576 0.0
40.9547 -3.0625 0.0
39.8097 0.4860 0.0
40.0295 -1.9150 0.0
36.6114 -4.5996 0.0
41.2678 -3.1031 0.0
37.5596 -8.0709 0.0
41.3475 -5.6949 0.0
39.6883 -3.1900 0.0
39.1150 -9.0670 0.0
41.9953 -5.8035 0.0
42.4453 -7.2258 0.0
36.3465 -1.3250 0.0
36.5849 -5.1606 0.0
41.4400 -9.2764 0.0
41.6375 -8.4317 0.0
39.9523 2.0306 0.0
40.0967 -6.4634 0.0
36.2068 -4.2914 0.0
37.5560 -1.5000 0.0
41.3475 -9.1141 0.0
43.4669 -2.7100 0.0
36.1296 -2.4318 0.0
39.5398 -1.3943 0.0
43.8740 -3.6608 0.0
39.6314 -1.9059 0.0
40.0540 -9.3581 0.0
35.8680 -5.3744 0.0
36.9124 -5.2381 0.0
36.9905 -4.9408 0.0
44.0324 -5.3636 0.0
38.1702 -6.5636 0.0
39.3382 -0.7445 0.0
37.3965 -5.9846 0.0
43.4362 -4.4679 0.0
38.9513 -5.6236 0.0
39.7473 -9.6619 0.0
37.8474 -0.5793 0.0
42.7652 -5.2754 0.0
38.0802 -8.6919 0.0
43.9377 -6.3512 0.0
37.0619 -0.2179 0.0
41.0091 -7.6648 0.0
40.1265 -7.4132 0.0
38.5234 -0.3438 0.0
42.3964 -1.1794 0.0
37.8314 -2.0540 0.0
40.4225 -3.1313 0.0
41.5760 -6.1623 0.0
39.3390 0.5559 0.0
39.9141 2.0271 0.0
39.9254 -8.0285 0.0
36.7204 -1.8490 0.0
36.1896 -3.3683 0.0
36.3396 -3.5606 0.0
39.2028 -9.4858 0.0
41.0713 -2.5400 0.0
40.7128 1.8928 0.0
40.1228 -2.8807 0.0
43.1125 -5.0334 0.0
39.6668 -7.4872 0.0
43.6170 -0.9802 0.0
43.6537 -3.9512 0.0
36.8819 -4.7653 0.0
42.6348 -4.9778 0.0
43.6671 -0.3394 0.0
37.2115 -1.7179 0.0
42.8452 -0.5660 0.0
39.7213 -0.8548 0.0
40.9741 -7.7463 0.0
41.0823 -9.1252 0.0
43.2954 -1.3141 0.0
38.7651 -7.0266 0.0
37.7013 -3.9859 0.0
43.3257 -0.1057 0.0
43.4074 -0.4824 0.0
42.4530 -5.8733 0.0
38.1376 -4.1718 0.0
42.3497 -6.2824 0.0
39.0621 1.8467 0.0
42.6310 -6.3545 0.0
40.8691 0.3970 0.0
38.0984 0.5400 0.0
43.2676 -3.6095 0.0
37.6773 -8.7048 0.0
44.3806 -4.9339 0.0
37.8867 -4.5947 0.0
40.3221 -7.7173 0.0
40.6918 1.5098 0.0
39.4981 -6.7903 0.0
