14.1909 115.0839 0.0
5.5780 119.8742 0.0
-0.1801 104.0671 0.0
14.4033 119.7162 0.0
12.3309 115.0185 0.0
-1.2342 113.3069 0.0
5.1315 115.4041 0.0
-5.0000 110.7333 0.0
-0.3784 110.4355 0.0
15.5302 113.9677 0.0
0.9740 103.0634 0.0
8.5052 119.4978 0.0
-1.7142 123.7760 0.0
7.5678 115.6524 0.0
-4.4807 106.6273 0.0
3.0999 102.5496 0.0
13.3573 111.9474 0.0
-2.6493 111.0727 0.0
-3.7168 105.9105 0.0
-5.5713 108.1543 0.0
14.3755 116.5192 0.0
3.0651 119.1873 0.0
4.8740 116.9583 0.0
3.8181 117.3480 0.0
-1.9619 120.8495 0.0
6.3790 120.7702 0.0
10.3445 111.0021 0.0
-3.1451 107.2360 0.0
3.8362 108.4562 0.0
0.8959 116.9081 0.0
-3.2803 104.0798 0.0
0.8429 105.1039 0.0
6.3321 102.3168 0.0
10.2534 114.6955 0.0
3.7334 120.3634 0.0
9.7774 111.4922 0.0
-0.0406 124.0512 0.0
-3.3734 119.5679 0.0
-6.8443 116.5217 0.0
4.6338 119.8344 0.0
3.7648 122.6838 0.0
12.0138 107.7565 0.0
5.9856 121.1527 0.0
-7.7332 112.7602 0.0
8.0387 114.5900 0.0
1.6715 110.5819 0.0
-5.1401 118.6513 0.0
2.2241 115.5956 0.0
-7.5421 111.2528 0.0
12.2530 104.0049 0.0
4.2595 112.2039 0.0
-5.3589 111.1575 0.0
0.4895 108.5918 0.0
0.7413 115.1333 0.0
12.4196 111.0784 0.0
3.5351 124.9646 0.0
8.2628 121.4057 0.0
12.5520 104.7726 0.0
0.1932 108.3633 0.0
9.9891 121.4665 0.0
-5.8883 110.8620 0.0
-6.1309 111.4357 0.0
4.3682 113.7629 0.0
6.0453 112.7580 0.0
10.1464 103.3199 0.0
10.8586 115.9663 0.0
15.3647 109.5987 0.0
0.9228 113.8157 0.0
4.7149 110.2681 0.0
11.9294 121.4241 0.0
-3.5484 110.8909 0.0
8.8943 108.9064 0.0
6.3975 121.3014 0.0
3.3668 104.5452 0.0
2.4191 118.5991 0.0
-2.7024 103.5917 0.0
-3.5721 112.6032 0.0
5.1757 117.7317 0.0
-1.5642 109.7399 0.0
5.5950 119.3110 0.0
2.2785 111.0994 0.0
9.3645 110.1684 0.0
14.7676 118.5667 0.0
1.5825 108.2709 0.0
8.3273 117.7408 0.0
-6.2052 108.3464 0.0
6.3206 105.2125 0.0
8.5326 123.8771 0.0
1.0327 115.1040 0.0
-3.3151 115.1455 0.0
-0.3522 104.2140 0.0
14.4186 120.7862 0.0
0.3570 120.0921 0.0
4.5962 124.9264 0.0
-0.5749 115.1980 0.0
3.0782 121.3533 0.0
9.9337 110.6131 0.0
9.7597 107.1590 0.0
13.1466 116.4214 0.0
10.8119 102.7927 0.0
15.3088 107.9108 0.0
10.1738 123.4330 0.0
6.4309 121.8828 0.0
11.7491 116.3583 0.0
12.0215 112.7881 0.0
5.8424 107.2931 0.0
-2.8271 117.3543 0.0
16.5006 113.1399 0.0
2.6962 104.5222 0.0
3.1035 118.1280 0.0
-6.1128 107.7036 0.0
4.3851 104.4391 0.0
1.9671 112.0188 0.0
9.7339 106.4476 0.0
9.2215 112.2968 0.0
5.8627 116.7112 0.0
0.2142 105.0607 0.0
8.8409 117.6195 0.0
4.7753 125.1147 0.0
-2.4219 107.0446 0.0
-2.3718 109.5096 0.0
12.6357 109.8737 0.0
3.3308 108.0699 0.0
-0.2548 117.1508 0.0
1.3926 123.0670 0.0
4.5808 106.5788 0.0
1.3080 114.3565 0.0
16.7571 113.1860 0.0
5.2620 116.7462 0.0
10.2714 110.8853 0.0
12.8587 105.3744 0.0
8.5855 119.8113 0.0
1.2756 102.7674 0.0
14.0657 112.7072 0.0
14.4108 114.0034 0.0
1.1137 124.0640 0.0
13.7672 109.6479 0.0
7.8649 116.5110 0.0
0.7080 112.1823 0.0
-0.5639 109.5805 0.0
7.4878 123.5413 0.0
3.6425 123.2539 0.0
11.6035 108.5941 0.0
13.9413 119.8724 0.0
3.1675 121.3859 0.0
4.5967 112.7734 0.0
3.7650 123.2876 0.0
-5.5120 110.1140 0.0
12.5097 113.9991 0.0
6.9981 111.2273 0.0
-6.6906 110.1812 0.0
-5.2367 107.9222 0.0
7.7872 116.9214 0.0
9.9858 109.3983 0.0
11.5158 104.9225 0.0
7.3878 124.8639 0.0
9.3948 117.2394 0.0
12.5903 106.1112 0.0
-1.1797 108.1207 0.0
8.8632 111.4180 0.0
15.7821 111.7340 0.0
12.6210 105.8232 0.0
4.3371 111.5696 0.0
10.9143 110.4669 0.0
11.7193 105.0371 0.0
3.3355 124.5055 0.0
12.9717 120.5184 0.0
11.7260 104.4168 0.0
6.8511 108.1741 0.0
1.6707 121.3326 0.0
6.0354 124.3950 0.0
5.1602 115.2755 0.0
9.1276 108.1399 0.0
2.3044 125.3736 0.0
-3.4390 119.3030 0.0
-7.3408 110.7355 0.0
13.4031 121.6039 0.0
9.7447 124.5496 0.0
3.3320 125.5017 0.0
0.7967 115.1148 0.0
0.4206 123.1464 0.0
-5.0290 112.8123 0.0
-2.2506 109.9724 0.0
2.9142 107.5059 0.0
4.9504 113.2717 0.0
2.7812 104.6513 0.0
-0.5551 104.2177 0.0
11.2009 116.7131 0.0
-0.3287 122.2575 0.0
8.4712 107.8263 0.0
1.2631 123.3963 0.0
-1.2244 117.2153 0.0
2.2977 120.9716 0.0
0.6579 115.5984 0.0
-0.7470 102.8197 0.0
-4.2204 105.7406 0.0
-1.9283 111.5019 0.0
4.4432 113.7413 0.0
-2.5504 109.6211 0.0
-5.1891 115.6754 0.0
6.3448 121.4968 0.0
11.3652 108.4914 0.0
9.7926 123.2249 0.0
0.9438 113.1536 0.0
-0.4792 121.8969 0.0
4.5794 102.3642 0.0
6.0969 123.4936 0.0
9.9111 114.3497 0.0
-1.4976 114.4450 0.0
14.6472 118.6649 0.0
-0.9159 107.7489 0.0
2.7106 108.3882 0.0
4.8260 122.1520 0.0
14.4326 113.8575 0.0
5.8358 102.8961 0.0
0.9290 115.3156 0.0
9.4676 112.1381 0.0
12.8949 116.3113 0.0
8.0484 108.4575 0.0
7.1318 105.5775 0.0
14.4965 112.7130 0.0
13.5057 110.4932 0.0
-4.3021 105.9464 0.0
-5.9017 113.1860 0.0
-6.1805 110.1675 0.0
4.0368 101.8578 0.0
4.0120 121.9604 0.0
0.5423 108.8564 0.0
-6.1418 112.0590 0.0
3.0047 123.1115 0.0
3.7397 116.8369 0.0
1.7873 119.2951 0.0
10.3190 120.5027 0.0
2.4646 107.9563 0.0
13.9845 117.6736 0.0
-3.0547 111.4247 0.0
6.6196 121.1739 0.0
11.0736 108.9379 0.0
1.3525 104.6640 0.0
5.6111 102.1427 0.0
12.0625 113.7866 0.0
4.6589 106.2002 0.0
15.3537 110.1093 0.0
4.3760 105.5350 0.0
-2.7256 108.0151 0.0
5.6003 119.1834 0.0
12.4662 115.0046 0.0
1.4364 107.0776 0.0
8.4697 120.2908 0.0
10.3330 119.6282 0.0
14.0406 115.1824 0.0
-2.5803 110.4650 0.0
3.2395 111.9190 0.0
0.1102 114.5773 0.0
2.5049 115.3966 0.0
1.8790 118.5025 0.0
-3.2637 120.8832 0.0
9.7385 104.1028 0.0
9.8647 116.5790 0.0
2.8438 113.0807 0.0
-2.7095 123.4393 0.0
6.4291 103.7348 0.0
4.7634 103.5632 0.0
8.2406 124.9755 0.0
5.5083 114.9390 0.0
2.3869 109.6837 0.0
6.3423 122.5843 0.0
5.5875 103.2470 0.0
0.5725 110.3635 0.0
12.4805 120.6635 0.0
15.3347 110.9680 0.0
8.4819 114.1552 0.0
1.4790 107.3464 0.0
-5.0665 120.7910 0.0
13.7150 118.4081 0.0
-2.6081 106.1812 0.0
5.0514 109.6070 0.0
-4.6365 106.8039 0.0
8.7472 113.0623 0.0
-1.7252 122.3967 0.0
-1.0185 119.3355 0.0
-0.2335 120.8329 0.0
9.4648 103.1980 0.0
8.3658 112.5173 0.0
9.1429 104.7789 0.0
-4.9833 117.5848 0.0
14.7646 111.1604 0.0
6.7802 107.5029 0.0
-4.4532 114.4345 0.0
3.5369 105.4440 0.0
8.2916 108.3438 0.0
14.0662 119.4723 0.0
4.9441 125.0556 0.0
-1.9339 108.1517 0.0
11.9314 114.8847 0.0
9.2007 123.9309 0.0
6.1730 108.0706 0.0
9.7280 108.5390 0.0
2.8118 123.6473 0.0
5.6710 113.1017 0.0
3.8289 109.9651 0.0
4.9398 104.9026 0.0
-1.7040 105.4039 0.0
6.7909 105.1560 0.0
5.1645 117.1986 0.0
0.9703 123.0772 0.0
-4.7255 115.0701 0.0
-3.4790 117.5412 0.0
-0.6515 122.7618 0.0
3.1520 123.7137 0.0
8.9675 117.7824 0.0
8.4356 117.2153 0.0
5.1873 104.5073 0.0
5.6069 118.6873 0.0
3.1423 105.0577 0.0
-7.4809 111.6144 0.0
9.7681 117.4109 0.0
5.2623 118.8748 0.0
9.6772 113.9681 0.0
3.1355 122.3765 0.0
-6.9372 109.4857 0.0
11.6873 120.9584 0.0
-6.9160 114.1598 0.0
-5.7439 108.3302 0.0
-3.3254 116.5768 0.0
9.4964 115.1946 0.0
-7.2868 115.1737 0.0
-4.5297 120.0197 0.0
2.2053 111.0716 0.0
6.1815 115.8034 0.0
1.4452 122.1866 0.0
13.4984 122.0223 0.0
-3.9222 106.8391 0.0
6.1603 124.3467 0.0
-3.9448 116.2202 0.0
9.7107 107.1234 0.0
0.3369 124.9775 0.0
-2.9648 107.3454 0.0
14.4887 109.9743 0.0
5.8561 118.9548 0.0
9.9978 121.9474 0.0
9.0571 115.8536 0.0
3.8957 113.6947 0.0
2.0762 122.6454 0.0
2.9228 107.8037 0.0
-5.3618 116.4432 0.0
13.5325 108.6859 0.0
-3.1983 105.7840 0.0
13.6233 109.3441 0.0
-3.1890 111.2856 0.0
12.7842 107.9894 0.0
14.5518 118.4996 0.0
2.7300 118.1795 0.0
-5.1307 109.0086 0.0
9.1801 118.2024 0.0
1.3372 103.8183 0.0
-7.4133 113.4644 0.0
12.0443 117.7688 0.0
2.2703 114.5155 0.0
4.4839 120.4876 0.0
8.1024 112.6122 0.0
-5.4896 108.3707 0.0
16.4645 113.4665 0.0
3.2697 123.5015 0.0
4.5969 111.0328 0.0
-0.3823 106.6441 0.0
9.4007 124.3180 0.0
-1.7176 106.4635 0.0
11.7286 118.2665 0.0
0.8820 119.7696 0.0
10.7918 105.5291 0.0
2.0579 106.8858 0.0
10.7007 111.2368 0.0
-6.0238 110.0545 0.0
1.2366 121.1063 0.0
11.3545 112.1747 0.0
-3.2680 112.7844 0.0
-2.1862 103.2913 0.0
-3.2286 118.1937 0.0
1.0669 117.5574 0.0
-3.0268 105.9239 0.0
7.5773 123.8350 0.0
12.6705 109.4087 0.0
1.9055 105.7996 0.0
8.7150 112.7736 0.0
5.1434 123.0915 0.0
-0.1362 111.9666 0.0
12.0989 118.6547 0.0
14.9388 106.9194 0.0
10.6662 119.2070 0.0
-6.6926 113.6150 0.0
-5.8709 112.9182 0.0
7.7565 107.9207 0.0
4.9784 125.6850 0.0
-2.2800 119.5901 0.0
-7.2654 112.8853 0.0
12.0562 104.6271 0.0
6.1041 107.2179 0.0
11.7390 110.2589 0.0
8.2500 105.5192 0.0
2.5399 119.7304 0.0
13.9003 113.4332 0.0
9.6079 120.4996 0.0
-0.5673 120.9442 0.0
-4.2784 111.0364 0.0
0.8912 120.9529 0.0
2.7736 108.4520 0.0
5.4566 122.7710 0.0
14.9020 116.5283 0.0
1.5604 103.3237 0.0
-3.8402 120.7693 0.0
8.7986 104.3678 0.0
-7.6468 113.8598 0.0
2.1394 113.4660 0.0
10.9399 106.4889 0.0
-6.1749 117.7273 0.0
-4.0748 115.8850 0.0
-4.3050 119.1053 0.0
10.1138 121.8188 0.0
12.7506 111.8424 0.0
1.9849 106.8141 0.0
10.4024 105.4301 0.0
11.6847 104.5564 0.0
1.4237 120.4123 0.0
5.1141 103.0742 0.0
15.6703 116.1621 0.0
2.3200 111.1424 0.0
16.2736 113.3016 0.0
-5.2039 117.7916 0.0
1.9314 110.6307 0.0
-6.2517 117.4957 0.0
12.8971 107.5201 0.0
5.2523 110.9678 0.0
-0.1947 118.2041 0.0
-0.0921 112.5891 0.0
6.9368 104.5311 0.0
8.9489 115.9380 0.0
-3.8613 105.6590 0.0
9.6407 110.3194 0.0
-0.0043 114.6219 0.0
4.2931 119.6977 0.0
4.9003 112.3758 0.0
-0.6173 103.0352 0.0
-0.0537 115.2459 0.0
-1.6484 109.7269 0.0
-4.2196 118.0029 0.0
7.9588 108.3821 0.0
0.3989 117.1298 0.0
5.1849 122.0368 0.0
-3.7730 109.2879 0.0
1.0722 125.2370 0.0
-2.1154 103.3208 0.0
-1.3848 110.9118 0.0
4.1597 103.3175 0.0
2.3677 111.8142 0.0
11.6267 108.4986 0.0
6.4837 107.2024 0.0
-1.2316 121.1534 0.0
-2.5991 106.7513 0.0
2.6650 103.5556 0.0
9.7499 104.9092 0.0
12.4887 107.8185 0.0
0.9301 122.6973 0.0
-2.6496 109.5902 0.0
13.3613 119.2907 0.0
4.3945 106.8155 0.0
7.9690 117.3331 0.0
13.3676 111.8496 0.0
12.1515 108.7702 0.0
4.0105 124.6986 0.0
-6.5705 114.7765 0.0
4.2618 102.4527 0.0
9.8517 118.2990 0.0
12.1307 123.0265 0.0
12.1974 103.9976 0.0
14.8593 112.1421 0.0
8.5584 102.0071 0.0
6.3763 106.2754 0.0
3.0904 113.1698 0.0
0.6431 106.1786 0.0
-4.1742 108.3888 0.0
14.8536 109.2817 0.0
4.9098 117.5328 0.0
5.9498 112.2024 0.0
12.4210 108.7209 0.0
9.8237 115.7665 0.0
13.8805 107.3156 0.0
-1.1561 117.1758 0.0
8.8284 111.9621 0.0
-2.2621 113.8138 0.0
7.4050 110.9903 0.0
0.1709 114.7978 0.0
4.0671 103.4367 0.0
-5.9263 119.3378 0.0
10.4682 122.3733 0.0
10.9225 118.1911 0.0
-2.6923 118.1899 0.0
16.2172 116.0444 0.0
-2.5014 116.1038 0.0
11.8590 103.8624 0.0
2.9792 109.9391 0.0
13.4664 112.2081 0.0
-1.3942 117.8899 0.0
8.3469 117.2517 0.0
-6.3453 116.6913 0.0
-1.7846 105.7316 0.0
13.8966 114.8068 0.0
4.9397 124.4156 0.0
0.4993 111.7813 0.0
4.8056 110.2893 0.0
5.6857 118.9844 0.0
-0.9217 123.5783 0.0
8.3224 110.7129 0.0
4.9114 112.9905 0.0
7.6952 116.9331 0.0
7.3062 119.0095 0.0
14.3458 115.1607 0.0
4.8718 112.0459 0.0
1.8240 118.8564 0.0
9.3469 115.1783 0.0
-5.9259 111.7665 0.0
-5.9778 115.0842 0.0
-6.2856 112.5954 0.0
0.4491 113.4023 0.0
15.9906 116.8399 0.0
11.7821 105.2710 0.0
-4.0544 115.8147 0.0
15.6784 118.1667 0.0
-2.4206 118.4258 0.0
-5.6446 114.1241 0.0
14.9775 118.8974 0.0
1.7891 111.3047 0.0
4.0077 116.6135 0.0
-4.8158 110.5688 0.0
11.4931 113.2590 0.0
-4.0623 116.0692 0.0
12.2529 119.2018 0.0
10.6869 105.1464 0.0
5.6767 103.6222 0.0
6.7711 123.7386 0.0
5.6108 121.7095 0.0
-2.3407 115.5593 0.0
11.0431 118.0358 0.0
0.4243 106.5975 0.0
8.8112 119.7190 0.0
15.2551 118.5026 0.0
13.8250 119.8714 0.0
4.2318 109.6861 0.0
-5.8691 109.6455 0.0
-4.2019 109.9444 0.0
9.5674 118.4632 0.0
0.7993 107.2111 0.0
11.6822 105.4999 0.0
14.7146 111.3750 0.0
-1.1678 121.1353 0.0
6.6640 122.6352 0.0
6.1021 123.3697 0.0
6.7767 110.1434 0.0
5.0886 106.0549 0.0
7.7711 104.7167 0.0
15.6364 111.6346 0.0
-3.8921 106.2172 0.0
14.2034 115.1663 0.0
10.1626 102.9510 0.0
7.1868 119.2942 0.0
0.7746 123.0883 0.0
11.6476 113.7801 0.0
-5.9647 108.8428 0.0
9.3807 119.6252 0.0
14.0831 115.4270 0.0
6.8034 123.9188 0.0
0.2022 120.1887 0.0
3.1749 106.1430 0.0
-5.3540 109.0242 0.0
7.8828 114.6719 0.0
0.9063 110.2156 0.0
3.1055 123.4910 0.0
-5.4426 114.4022 0.0
3.3167 121.5853 0.0
12.5493 120.6620 0.0
2.8316 121.3801 0.0
-5.5714 114.3519 0.0
14.1168 116.4092 0.0
-1.7602 108.9900 0.0
4.1584 114.5228 0.0
8.1697 117.8261 0.0
1.5763 118.9722 0.0
4.4798 112.4181 0.0
0.7462 117.0162 0.0
-5.7929 113.4829 0.0
8.3737 102.8766 0.0
6.6278 110.9683 0.0
7.0062 113.7987 0.0
12.1264 104.3214 0.0
-3.8378 109.3474 0.0
-4.4839 118.6255 0.0
8.6285 114.0504 0.0
6.7160 106.8220 0.0
9.2547 104.9954 0.0
14.5092 119.8922 0.0
4.9734 124.8085 0.0
-4.8094 112.0827 0.0
1.6460 120.6752 0.0
0.9355 119.6985 0.0
-0.5204 113.1688 0.0
0.3647 113.2411 0.0
-2.3275 122.9831 0.0
8.8931 103.8863 0.0
5.4545 124.5865 0.0
6.0274 117.9649 0.0
5.1108 103.9582 0.0
8.8904 122.5200 0.0
-6.2796 113.9010 0.0
5.1610 102.8194 0.0
11.8051 109.6473 0.0
-1.5836 106.5707 0.0
10.8781 106.0624 0.0
10.1645 121.5219 0.0
1.5027 114.6393 0.0
3.4574 120.1834 0.0
1.5950 113.3659 0.0
-2.0266 115.5355 0.0
5.9372 110.9368 0.0
6.7357 110.9221 0.0
-4.0117 105.9767 0.0
-3.9988 115.5334 0.0
6.8728 104.6142 0.0
-6.5395 117.1310 0.0
-1.8868 104.4876 0.0
-2.3762 114.5622 0.0
8.9102 115.3285 0.0
7.6809 111.1410 0.0
2.9012 106.4802 0.0
8.5755 121.2913 0.0
-1.1463 115.8285 0.0
-3.5509 112.3392 0.0
1.0900 117.0039 0.0
-0.9831 117.0400 0.0
-1.3296 109.3806 0.0
-2.0557 104.7853 0.0
7.1109 115.2762 0.0
2.3483 123.3828 0.0
-1.2823 104.8070 0.0
12.6703 104.9427 0.0
-1.6486 109.9792 0.0
1.7919 117.2381 0.0
0.6606 102.0557 0.0
-1.8525 109.1782 0.0
0.1543 124.5608 0.0
6.4489 106.1794 0.0
-0.8235 103.7988 0.0
3.7127 102.3326 0.0
-5.5192 111.8153 0.0
-4.2421 118.0777 0.0
-0.2969 119.1096 0.0
5.6622 118.6032 0.0
-7.4005 114.5378 0.0
8.2911 117.9894 0.0
6.4057 110.6563 0.0
5.0104 109.6164 0.0
12.8494 105.8230 0.0
3.2638 115.5417 0.0
11.8011 121.5485 0.0
8.4452 119.9855 0.0
5.9787 102.3497 0.0
10.0859 123.1682 0.0
-2.3773 117.8163 0.0
5.2898 123.6033 0.0
2.7197 121.4908 0.0
-5.5741 116.8644 0.0
1.2271 121.8499 0.0
-6.3254 115.6476 0.0
-3.0643 121.7892 0.0
16.3845 112.2850 0.0
2.8467 121.6818 0.0
-2.9699 112.1965 0.0
9.4214 102.3376 0.0
11.5859 122.0666 0.0
0.6244 108.7436 0.0
-6.3049 109.6217 0.0
6.7272 110.2395 0.0
2.0262 124.5537 0.0
2.9703 124.1234 0.0
11.5187 123.0213 0.0
12.1601 110.7573 0.0
-1.0114 115.2479 0.0
11.6533 114.7355 0.0
1.6686 113.4643 0.0
10.4545 113.2916 0.0
11.8956 114.8527 0.0
10.7914 103.2914 0.0
7.0431 103.8675 0.0
3.4547 117.9380 0.0
0.7848 102.9574 0.0
3.2395 109.0989 0.0
12.7139 113.7779 0.0
4.3715 116.9614 0.0
-6.1891 110.0956 0.0
-5.8050 111.6740 0.0
3.5298 117.4824 0.0
10.9328 115.5268 0.0
6.6652 105.7981 0.0
10.8635 118.9195 0.0
-5.0829 106.8069 0.0
2.9343 113.3481 0.0
8.2416 118.2851 0.0
-1.5365 108.1890 0.0
-0.7101 116.5126 0.0
13.0889 118.7610 0.0
15.5349 118.6869 0.0
-4.3902 113.0892 0.0
-6.9992 109.3986 0.0
-3.0326 114.9323 0.0
14.2136 112.3006 0.0
10.6476 114.1406 0.0
-1.6132 122.5229 0.0
-2.7745 105.9126 0.0
3.4983 102.7490 0.0
11.3028 115.4841 0.0
8.0228 105.0629 0.0
5.4349 108.4287 0.0
1.6861 105.6203 0.0
8.1754 104.3737 0.0
5.0049 110.4477 0.0
2.2622 121.5000 0.0
5.3017 115.9503 0.0
6.7949 112.4717 0.0
13.2883 112.8819 0.0
4.3117 122.5657 0.0
8.3517 123.5352 0.0
5.9118 106.2676 0.0
-1.1209 123.4397 0.0
1.5760 116.6936 0.0
4.0135 101.9094 0.0
-4.2845 121.1060 0.0
-7.6045 113.7914 0.0
12.1945 109.4459 0.0
7.2929 105.0422 0.0
13.7023 118.6244 0.0
8.6814 104.8439 0.0
0.5791 121.6707 0.0
2.6565 110.5546 0.0
-0.9292 109.4166 0.0
1.5404 106.0544 0.0
11.5191 115.4527 0.0
-2.3753 122.6579 0.0
2.6161 125.6259 0.0
16.0022 109.4371 0.0
2.3172 110.9418 0.0
6.8339 106.4317 0.0
14.1722 110.4509 0.0
0.8829 110.5991 0.0
15.0877 115.9366 0.0
5.0670 110.3570 0.0
-1.0041 118.4867 0.0
-2.7988 107.8247 0.0
14.0931 110.2053 0.0
5.1146 106.0115 0.0
-4.6369 111.7835 0.0
-0.0675 107.2497 0.0
9.1378 117.5606 0.0
-6.0242 113.5636 0.0
-2.5672 110.6127 0.0
4.0944 119.7809 0.0
12.6949 113.3081 0.0
10.1748 110.1622 0.0
10.6705 119.5954 0.0
-6.3209 116.8836 0.0
-6.4471 117.4576 0.0
2.9920 110.1874 0.0
-0.2775 123.7215 0.0
11.1387 116.4249 0.0
11.5094 107.6824 0.0
1.8092 102.4972 0.0
-3.1626 104.4917 0.0
-6.4150 112.8951 0.0
5.7959 117.5944 0.0
5.6476 109.0521 0.0
2.6242 112.8370 0.0
6.9655 106.4146 0.0
-2.4504 107.5999 0.0
3.1886 116.8609 0.0
2.1157 101.4579 0.0
5.5687 104.6260 0.0
14.4597 118.6394 0.0
-3.0748 104.0512 0.0
1.0005 106.0489 0.0
9.6865 108.4307 0.0
-2.4196 105.1502 0.0
9.6170 112.3831 0.0
11.3335 109.1207 0.0
6.5532 115.5450 0.0
6.9522 117.6567 0.0
2.7383 106.7487 0.0
11.2260 110.8300 0.0
11.0807 103.7563 0.0
0.4395 108.8908 0.0
10.9326 120.0655 0.0
-2.1034 112.0892 0.0
8.7558 121.1760 0.0
11.2423 123.5057 0.0
2.6728 103.6996 0.0
9.7420 105.4064 0.0
8.6943 105.2031 0.0
6.4831 114.0861 0.0
-4.2060 108.9290 0.0
5.5530 103.6085 0.0
-0.5868 107.4296 0.0
-1.5393 107.2920 0.0
10.8605 111.6910 0.0
7.3727 105.4044 0.0
1.5179 123.2111 0.0
7.5825 114.7293 0.0
-3.5957 114.3053 0.0
0.1564 110.0575 0.0
3.1453 106.7648 0.0
11.2413 105.2740 0.0
12.7529 122.5981 0.0
-2.4157 110.6760 0.0
-2.2783 114.9506 0.0
4.5830 119.8657 0.0
3.5456 117.2037 0.0
-1.1927 108.4561 0.0
8.5520 108.8703 0.0
2.2073 117.8377 0.0
0.9194 122.1125 0.0
-6.2183 113.6175 0.0
-4.3030 113.5688 0.0
11.2436 114.5084 0.0
-7.4226 113.0885 0.0
7.1210 125.3675 0.0
11.4247 115.8220 0.0
10.8786 107.5777 0.0
-5.2560 115.3315 0.0
9.6536 106.0292 0.0
10.4561 107.9858 0.0
5.4101 103.0272 0.0
-1.5209 117.8425 0.0
7.6577 122.2899 0.0
12.6696 117.6697 0.0
5.2875 104.7853 0.0
10.9743 113.0472 0.0
11.9297 120.5249 0.0
-5.0225 121.0209 0.0
-1.3087 122.7727 0.0
4.8709 101.5729 0.0
-0.9655 113.1863 0.0
12.8279 115.9991 0.0
2.2361 117.4409 0.0
-3.6390 115.7593 0.0
-5.0087 112.5671 0.0
-0.8270 108.9168 0.0
9.4377 113.2045 0.0
1.2880 123.5522 0.0
7.8612 107.1678 0.0
2.2050 104.8402 0.0
7.1972 107.2980 0.0
1.0694 106.8889 0.0
-6.0049 107.3688 0.0
2.8087 102.6658 0.0
14.5357 115.2522 0.0
12.7728 111.7194 0.0
6.2767 102.7248 0.0
2.8332 104.3133 0.0
8.9891 121.8305 0.0
-2.6051 106.8431 0.0
11.2413 122.6874 0.0
14.4252 115.5600 0.0
13.7113 121.3333 0.0
3.8421 115.0586 0.0
2.7562 109.0498 0.0
5.7283 105.6972 0.0
12.7095 104.8502 0.0
14.2299 117.6417 0.0
5.7075 117.9187 0.0
0.8345 107.5409 0.0
1.0316 121.6919 0.0
8.8475 110.7894 0.0
0.1253 119.1923 0.0
2.5414 102.8879 0.0
1.0683 104.2745 0.0
7.9010 122.5461 0.0
-1.1910 111.3251 0.0
10.2345 112.4985 0.0
2.8759 120.0021 0.0
2.9411 108.1285 0.0
0.4812 119.1200 0.0
7.8369 102.0154 0.0
9.1254 118.0042 0.0
-2.8443 120.4319 0.0
9.5600 102.3005 0.0
8.5337 102.0840 0.0
2.9510 119.9375 0.0
-1.4016 122.0285 0.0
4.1697 121.6761 0.0
7.0193 121.6719 0.0
12.7192 109.7289 0.0
11.1601 121.4254 0.0
-3.7302 108.4934 0.0
1.5838 108.2065 0.0
-1.2881 106.6828 0.0
2.0957 114.9578 0.0
12.8868 119.7959 0.0
15.2668 113.8635 0.0
12.7144 109.4791 0.0
11.6840 110.3272 0.0
-6.8848 115.1359 0.0
9.8397 112.2497 0.0
0.2691 107.9814 0.0
14.3929 119.9332 0.0
-4.5715 111.4567 0.0
14.1190 109.3308 0.0
9.8192 124.1053 0.0
9.6814 123.9436 0.0
16.2650 113.2822 0.0
-3.2279 113.7246 0.0
16.0404 110.5877 0.0
12.9403 105.0274 0.0
3.4249 113.0099 0.0
8.4964 113.0666 0.0
11.0301 113.0436 0.0
-4.5377 113.8469 0.0
11.5511 103.7318 0.0
7.4518 121.4252 0.0
6.6519 117.0351 0.0
4.1207 121.8251 0.0
4.0553 108.2107 0.0
-5.4367 108.9719 0.0
9.3180 123.1565 0.0
13.5596 106.4609 0.0
-6.6071 112.4232 0.0
2.7443 110.3378 0.0
7.8465 117.6155 0.0
4.5856 120.5020 0.0
5.0693 119.7647 0.0
14.7117 110.3631 0.0
3.3567 106.8437 0.0
3.7535 112.4186 0.0
13.9447 117.5040 0.0
3.0259 117.4586 0.0
-3.3118 113.3761 0.0
1.1603 102.3795 0.0
9.5634 118.1673 0.0
1.2207 124.7799 0.0
6.3543 122.9976 0.0
7.0627 117.2081 0.0
-3.8535 106.9432 0.0
-3.0370 111.0877 0.0
-3.6866 111.5295 0.0
6.4716 123.3659 0.0
4.6817 107.3783 0.0
14.4817 119.3264 0.0
2.1509 105.6367 0.0
1.3458 112.1542 0.0
1.5863 112.6003 0.0
-3.3294 109.6456 0.0
2.2611 117.6924 0.0
11.0935 119.5173 0.0
-0.3192 110.7251 0.0
0.8076 113.2589 0.0
-6.0654 116.7006 0.0
-3.9687 115.8626 0.0
1.6336 114.1908 0.0
2.6582 102.6211 0.0
7.6310 106.3792 0.0
-4.8395 108.4760 0.0
3.0386 115.6671 0.0
7.5962 113.3846 0.0
15.2641 118.6667 0.0
16.1221 115.9448 0.0
5.4331 105.6746 0.0
15.1386 111.9903 0.0
-4.1522 118.2435 0.0
-4.5419 121.7556 0.0
14.0347 106.9792 0.0
1.4152 106.6393 0.0
-5.1792 111.0501 0.0
-1.2175 121.6078 0.0
-0.5423 112.2975 0.0
3.2626 104.6487 0.0
10.2890 113.6284 0.0
3.9464 115.2696 0.0
-5.1797 110.7129 0.0
8.4805 105.3962 0.0
1.0320 118.5246 0.0
10.4504 110.9897 0.0
12.4300 120.4659 0.0
-5.1487 118.8862 0.0
12.5001 106.1612 0.0
4.9182 114.9822 0.0
8.3111 114.3248 0.0
1.7553 104.4145 0.0
4.3392 110.7899 0.0
5.2645 121.2775 0.0
8.2480 109.1346 0.0
1.5857 113.4286 0.0
7.1508 107.4091 0.0
0.0971 123.0264 0.0
0.0620 105.1139 0.0
2.2797 120.0893 0.0
2.0167 109.5730 0.0
2.7001 118.9870 0.0
7.3724 112.5291 0.0
14.2777 107.2365 0.0
-4.2102 117.7990 0.0
13.0077 111.9642 0.0
-1.1478 103.0161 0.0
-0.0528 123.3784 0.0
9.1850 119.9651 0.0
4.7089 105.9488 0.0
9.4346 106.5546 0.0
2.7275 107.0013 0.0
13.9714 107.7064 0.0
13.5139 111.5975 0.0
10.5967 120.4550 0.0
6.2476 119.3234 0.0
13.2126 108.7417 0.0
13.9406 119.8864 0.0
8.3156 123.3262 0.0
1.5665 107.8575 0.0
11.1784 106.5734 0.0
4.8908 108.1724 0.0
-5.2369 109.7102 0.0
10.2952 107.1860 0.0
11.3237 111.5736 0.0
5.9025 112.9124 0.0
13.4111 121.8164 0.0
-7.6602 115.1346 0.0
-0.2893 109.8138 0.0
9.2785 110.6417 0.0
5.9553 104.4510 0.0
-2.9019 111.9092 0.0
3.9662 120.8528 0.0
-4.2856 113.6507 0.0
8.3266 113.0440 0.0
8.9930 106.3053 0.0
-3.5695 122.0338 0.0
-2.7930 110.4742 0.0
8.0111 118.1263 0.0
10.2468 110.9623 0.0
-3.6134 118.1317 0.0
2.1958 117.7028 0.0
8.2824 106.8825 0.0
-0.3911 106.3408 0.0
4.0327 123.6687 0.0
15.3766 111.0905 0.0
-5.3120 114.0830 0.0
5.9034 108.6410 0.0
3.5638 108.5297 0.0
11.9319 109.1292 0.0
-1.1794 106.4722 0.0
7.4068 114.1325 0.0
15.1277 109.5512 0.0
5.4024 103.4658 0.0
8.8280 106.8364 0.0
2.9306 107.8021 0.0
3.3276 113.4577 0.0
-1.0336 108.4427 0.0
-2.9520 106.7938 0.0
-4.0046 114.1519 0.0
3.5543 113.1813 0.0
3.1870 113.2541 0.0
10.8673 112.5764 0.0
5.1209 112.0124 0.0
7.9818 103.9545 0.0
13.6561 121.0019 0.0
6.7596 116.5866 0.0
-0.8015 112.6104 0.0
3.2964 124.5314 0.0
-0.8988 119.0333 0.0
-2.6756 110.3914 0.0
6.3451 125.6444 0.0
10.3545 105.0734 0.0
10.7380 105.6480 0.0
13.4011 119.5933 0.0
-2.6461 111.0406 0.0
7.4015 113.6739 0.0
-0.5797 113.5045 0.0
6.2323 105.5582 0.0
10.2919 106.1957 0.0
0.7700 112.8330 0.0
5.1076 115.9669 0.0
13.1959 105.8768 0.0
12.6016 116.0004 0.0
7.4866 111.9791 0.0
-6.2219 108.9521 0.0
6.5065 112.5305 0.0
11.1804 111.8184 0.0
4.6332 104.0689 0.0
-3.8148 119.6919 0.0
6.2792 116.4189 0.0
7.5516 108.2688 0.0
10.5929 108.7864 0.0
4.7490 106.4129 0.0
9.0783 113.1638 0.0
-5.9416 113.4477 0.0
15.9289 117.6693 0.0
8.7895 106.5329 0.0
5.3531 106.3589 0.0
-5.0521 120.7753 0.0
15.1055 115.5687 0.0
10.9080 113.1958 0.0
-0.8022 120.2647 0.0
-6.3289 118.4733 0.0
-0.8843 104.9349 0.0
1.8603 111.0627 0.0
1.9819 102.8253 0.0
6.4896 116.4157 0.0
-2.3989 105.7761 0.0
0.2071 123.1402 0.0
8.5031 113.6322 0.0
0.1602 118.7515 0.0
8.7889 118.2699 0.0
-0.5396 115.1781 0.0
-3.1556 118.4990 0.0
3.2920 115.0821 0.0
1.4449 111.3365 0.0
-0.7494 118.1145 0.0
-0.5486 117.7957 0.0
7.4039 111.4042 0.0
16.0646 111.8391 0.0
8.9919 121.7212 0.0
9.3684 119.3768 0.0
-2.2271 113.7910 0.0
1.6700 114.7320 0.0
-3.4234 114.2890 0.0
4.4637 116.9133 0.0
0.1924 109.1906 0.0
7.6722 122.4878 0.0
3.1487 117.2846 0.0
-1.4034 123.8957 0.0
7.7205 104.3060 0.0
0.9244 119.5697 0.0
11.5366 104.7641 0.0
12.4448 122.8610 0.0
11.0706 111.1973 0.0
2.3420 118.5622 0.0
16.3190 111.0484 0.0
2.2545 107.2632 0.0
-3.1392 109.5484 0.0
0.1998 117.7436 0.0
-4.1719 120.4270 0.0
0.6879 111.8828 0.0
-4.5573 110.8213 0.0
-5.1333 110.3507 0.0
-7.1319 116.3828 0.0
-5.0646 117.4100 0.0
2.1720 107.2953 0.0
7.6420 102.7542 0.0
-3.3485 113.5344 0.0
4.9893 123.2898 0.0
2.3421 103.7702 0.0
14.2437 118.5400 0.0
-7.6093 115.1031 0.0
-3.2615 113.1768 0.0
0.2843 102.5089 0.0
6.7896 104.6855 0.0
10.3276 108.9350 0.0
-1.3098 106.6366 0.0
4.9250 109.9352 0.0
-1.5990 121.3650 0.0
13.9899 116.2946 0.0
-0.8557 102.5714 0.0
4.6307 105.7190 0.0
-6.4251 118.6351 0.0
4.4308 114.7621 0.0
-4.2074 112.4640 0.0
-3.8237 109.2339 0.0
-1.8494 118.6796 0.0
-4.6556 107.7840 0.0
-0.3777 120.6806 0.0
6.0228 114.6809 0.0
12.1861 111.5718 0.0
8.3933 111.9612 0.0
2.7489 117.7786 0.0
6.7165 121.5327 0.0
-3.9315 114.7754 0.0
1.8335 105.8240 0.0
2.3478 120.0921 0.0
12.7807 120.9940 0.0
-2.2623 104.4308 0.0
9.6750 122.2951 0.0
4.9654 125.7080 0.0
7.2424 117.8643 0.0
13.3701 111.0650 0.0
-0.3876 116.8196 0.0
1.1531 109.4286 0.0
12.4308 115.0065 0.0
7.6247 122.6749 0.0
-2.7314 119.5789 0.0
7.3250 123.4873 0.0
8.3388 103.4675 0.0
6.9630 115.3448 0.0
8.9207 124.2003 0.0
-2.2580 115.3479 0.0
8.5858 108.6703 0.0
-1.2201 106.6623 0.0
-2.7549 107.3900 0.0
-0.9261 121.1780 0.0
-3.8516 105.8966 0.0
1.4780 102.8483 0.0
-0.5341 109.0906 0.0
6.8800 116.1831 0.0
3.0636 117.4657 0.0
2.6733 108.5730 0.0
-3.1378 117.8161 0.0
1.1070 116.5411 0.0
1.0153 109.5215 0.0
-1.7493 105.4124 0.0
-7.0466 109.3186 0.0
9.9606 120.2273 0.0
-2.0585 115.5868 0.0
2.7023 115.7024 0.0
5.2856 114.4125 0.0
15.2939 110.9121 0.0
-4.2191 113.7764 0.0
-4.2597 118.6480 0.0
-6.7168 114.3033 0.0
7.9619 114.1864 0.0
1.7020 123.8368 0.0
-1.7541 111.9933 0.0
-0.3526 114.8334 0.0
5.5558 102.9300 0.0
11.3914 119.5586 0.0
5.1516 109.3882 0.0
-2.9599 121.7756 0.0
15.2507 116.4816 0.0
-5.4661 110.4988 0.0
14.2659 121.0575 0.0
4.5945 102.2851 0.0
11.1949 113.4705 0.0
-0.2770 120.2002 0.0
-5.7863 117.6635 0.0
6.4616 101.3480 0.0
6.7232 107.9180 0.0
-1.0602 121.0909 0.0
-2.4490 105.8300 0.0
7.7050 117.3714 0.0
5.9906 118.9041 0.0
2.7305 115.9122 0.0
-1.8133 111.9302 0.0
2.5126 106.8018 0.0
3.7822 120.0753 0.0
15.8186 112.4244 0.0
12.8563 119.3427 0.0
7.1774 101.6691 0.0
16.2482 112.9219 0.0
12.4826 121.8722 0.0
4.5232 124.9548 0.0
9.3991 104.2597 0.0
-0.2869 103.9222 0.0
-3.0885 109.4808 0.0
-0.9591 116.7649 0.0
-1.0085 107.3584 0.0
14.0976 120.0533 0.0
2.9456 122.1841 0.0
-3.5772 122.2195 0.0
-1.0830 124.0802 0.0
4.5922 112.8949 0.0
3.2446 103.0553 0.0
0.2324 106.3717 0.0
11.2702 116.4017 0.0
6.3008 122.3409 0.0
6.4094 121.3620 0.0
7.5051 107.8480 0.0
-1.7931 110.1444 0.0
-4.6933 114.3522 0.0
1.5417 106.9400 0.0
6.6883 115.0918 0.0
-6.0154 116.2445 0.0
7.2073 110.1004 0.0
12.6510 113.5355 0.0
8.0445 125.0891 0.0
11.3804 121.1562 0.0
9.8543 121.9429 0.0
2.7183 125.2288 0.0
4.4757 123.4578 0.0
10.6566 109.1732 0.0
0.5298 116.5265 0.0
2.3816 107.0516 0.0
1.1777 108.5781 0.0
14.7929 113.5727 0.0
10.1944 119.8745 0.0
2.0147 108.2167 0.0
4.1036 112.3831 0.0
15.5609 112.6439 0.0
9.8786 119.4754 0.0
2.0768 115.6905 0.0
12.8909 119.9568 0.0
9.5361 108.7639 0.0
5.1674 108.9871 0.0
11.6347 121.5710 0.0
12.1236 123.2772 0.0
13.4245 113.9890 0.0
-4.7003 117.1483 0.0
-2.7305 105.9755 0.0
0.4420 116.0146 0.0
10.9789 105.5185 0.0
7.4165 115.6500 0.0
-4.5020 107.8033 0.0
11.9021 111.7215 0.0
8.8919 118.8618 0.0
10.0738 116.8120 0.0
-2.8844 108.1276 0.0
6.2313 104.0376 0.0
10.3833 105.0340 0.0
1.3254 122.9392 0.0
-4.3132 112.9706 0.0
1.5049 123.6831 0.0
6.7966 111.7728 0.0
-7.4828 113.8883 0.0
0.3800 113.5108 0.0
-4.8074 111.8223 0.0
16.5915 112.4578 0.0
12.5090 122.4572 0.0
-5.8497 108.7330 0.0
1.4665 106.7292 0.0
14.7803 110.3714 0.0
15.2105 114.6682 0.0
4.2561 116.6881 0.0
6.7741 114.4145 0.0
-6.3918 113.0445 0.0
-5.2280 113.4356 0.0
2.1418 105.9458 0.0
1.0697 112.6976 0.0
2.8461 122.9994 0.0
-2.3135 113.0148 0.0
6.4733 108.2997 0.0
-2.4505 119.2016 0.0
9.4495 104.9578 0.0
13.7649 117.7074 0.0
3.2119 103.3089 0.0
15.0501 117.6600 0.0
1.1982 114.9419 0.0
-1.9044 108.2776 0.0
4.1440 106.6675 0.0
12.2231 120.8689 0.0
1.4024 103.6489 0.0
9.2517 112.0360 0.0
6.3261 104.7630 0.0
9.6918 122.6620 0.0
5.3495 109.1930 0.0
9.3088 109.2803 0.0
15.0943 115.5472 0.0
2.9824 124.4334 0.0
3.7727 110.4789 0.0
12.7465 117.9474 0.0
-0.7819 119.8752 0.0
-3.4183 109.9551 0.0
4.2609 120.9571 0.0
0.9807 111.7368 0.0
5.9111 123.8911 0.0
12.9197 115.9532 0.0
4.8901 124.9333 0.0
-1.7506 119.1559 0.0
8.8158 111.4836 0.0
-6.2413 109.7728 0.0
3.8124 101.7637 0.0
1.0355 120.6522 0.0
3.0307 105.7101 0.0
10.1406 116.5518 0.0
-2.9914 113.4038 0.0
9.5051 124.1700 0.0
15.4296 112.1699 0.0
15.3787 118.7166 0.0
2.8130 121.7061 0.0
-0.7650 123.4748 0.0
13.6140 113.9699 0.0
-0.5608 111.3548 0.0
-0.3512 108.7859 0.0
-2.5085 108.9427 0.0
5.7204 104.9256 0.0
8.8972 110.2852 0.0
4.8276 124.2334 0.0
3.6725 114.0260 0.0
1.1272 118.3696 0.0
12.5591 105.4684 0.0
16.4653 113.6146 0.0
10.2969 105.2832 0.0
12.8101 120.0208 0.0
5.1634 122.4429 0.0
12.5046 116.7400 0.0
1.5765 101.5978 0.0
7.7939 111.7068 0.0
-7.0336 112.0498 0.0
-2.6482 120.8850 0.0
14.9301 119.8749 0.0
7.0351 116.3433 0.0
14.4053 118.6971 0.0
-3.9853 117.1819 0.0
5.5003 125.5627 0.0
2.0101 119.2564 0.0
1.1545 103.0395 0.0
0.1364 123.0747 0.0
10.2071 116.4404 0.0
5.5330 108.0475 0.0
9.7538 121.3878 0.0
-0.3620 114.5530 0.0
-3.1249 111.7465 0.0
7.6701 125.2319 0.0
3.8585 120.2983 0.0
6.8302 117.0784 0.0
9.1928 104.3677 0.0
14.4160 116.1514 0.0
-0.7678 123.4058 0.0
4.5415 117.2172 0.0
-2.7923 112.8811 0.0
3.8554 123.5996 0.0
16.4808 115.9715 0.0
-2.9536 115.8114 0.0
4.5098 124.1457 0.0
7.2708 105.5694 0.0
9.0748 113.8487 0.0
15.6142 112.2309 0.0
6.4810 109.5051 0.0
-0.6145 108.0329 0.0
-4.0632 108.6159 0.0
6.8978 107.6944 0.0
6.1651 114.2181 0.0
-6.4281 117.5821 0.0
8.1433 111.0015 0.0
-0.9784 123.2407 0.0
2.0403 114.1156 0.0
0.0031 111.2483 0.0
-4.2885 120.3363 0.0
3.6416 111.5720 0.0
5.6216 118.5000 0.0
3.5101 118.7249 0.0
15.7607 116.0883 0.0
4.7557 123.1852 0.0
-1.1723 117.0016 0.0
12.9454 116.9928 0.0
8.7232 118.4859 0.0
8.6027 109.8257 0.0
-1.5600 106.9828 0.0
7.5558 102.8512 0.0
6.9311 101.4514 0.0
-2.5673 111.4679 0.0
11.7886 108.9487 0.0
-2.1445 119.1156 0.0
2.3179 118.2273 0.0
9.0543 109.9581 0.0
14.6012 117.5263 0.0
-7.5099 111.2339 0.0
15.2450 113.4724 0.0
14.2908 120.8537 0.0
3.4692 123.4093 0.0
14.1213 107.8212 0.0
7.4006 113.4337 0.0
7.7754 108.7332 0.0
-2.2050 122.1723 0.0
10.8311 104.0434 0.0
0.1967 110.6725 0.0
0.9396 103.0724 0.0
16.0469 115.6520 0.0
14.2177 110.0719 0.0
-3.9970 109.9336 0.0
9.8085 113.0933 0.0
-7.0074 114.0667 0.0
-2.3090 113.9100 0.0
4.9017 117.1778 0.0
-1.1606 112.5504 0.0
4.7790 113.3412 0.0
8.2578 117.5685 0.0
13.5658 108.2796 0.0
-0.5293 123.5911 0.0
2.9460 112.5584 0.0
6.2921 101.8156 0.0
11.7325 104.6469 0.0
-3.9279 122.0987 0.0
-4.9369 120.7907 0.0
3.2537 117.2017 0.0
6.9884 117.3168 0.0
7.6060 101.8569 0.0
-2.6190 103.7968 0.0
9.5229 112.4867 0.0
13.7144 108.9525 0.0
6.3218 124.2974 0.0
8.7565 121.9987 0.0
1.9385 107.2009 0.0
3.9193 109.1497 0.0
15.8364 109.5644 0.0
12.1735 113.2179 0.0
16.3061 116.0379 0.0
12.8752 108.8497 0.0
6.6949 125.4497 0.0
13.0071 109.8311 0.0
4.3654 108.8869 0.0
10.4494 112.8275 0.0
8.2780 110.1478 0.0
3.5681 109.9590 0.0
11.9251 106.9484 0.0
3.7174 121.6800 0.0
10.0818 116.0724 0.0
9.3383 117.4554 0.0
4.1689 113.7893 0.0
14.8050 111.4043 0.0
-7.0294 114.0053 0.0
-2.7375 111.3442 0.0
0.6246 114.0022 0.0
-2.1478 104.2254 0.0
9.8060 122.3065 0.0
6.3857 110.7366 0.0
1.7115 119.5546 0.0
15.1925 119.0755 0.0
0.9112 117.0686 0.0
-5.5426 110.4274 0.0
14.1948 120.1234 0.0
-2.6469 107.2999 0.0
12.8642 115.1922 0.0
10.5638 123.9297 0.0
10.8785 123.3346 0.0
5.5764 117.2711 0.0
2.7580 108.4375 0.0
3.1915 103.1400 0.0
3.2565 119.7061 0.0
10.1919 115.3644 0.0
9.4644 105.5534 0.0
1.4155 117.1903 0.0
2.2833 121.2176 0.0
-3.5690 107.6094 0.0
9.9114 114.3961 0.0
3.1829 118.4051 0.0
6.4517 110.5613 0.0
-0.9479 117.5927 0.0
-0.0506 106.2247 0.0
0.9372 112.4860 0.0
8.4683 109.9849 0.0
-2.5290 115.9944 0.0
-1.6450 114.8718 0.0
3.8209 119.3096 0.0
4.5428 110.4443 0.0
13.1059 118.7788 0.0
-2.4519 111.6457 0.0
-5.7184 107.0075 0.0
9.4304 105.7109 0.0
-5.1810 118.9533 0.0
10.5178 106.7218 0.0
10.7233 107.6747 0.0
11.9471 117.6199 0.0
1.9072 102.1271 0.0
11.5487 108.3044 0.0
-0.3275 103.6403 0.0
11.5328 120.2643 0.0
9.4737 123.0786 0.0
16.4883 111.2908 0.0
12.2430 121.5421 0.0
12.4623 112.8984 0.0
12.5953 113.3577 0.0
9.3998 104.9937 0.0
9.7779 110.1390 0.0
15.2073 118.4690 0.0
-1.6087 118.0970 0.0
3.3516 120.4244 0.0
10.3159 107.4734 0.0
-3.2882 105.8870 0.0
-3.2619 117.7999 0.0
9.2151 119.9206 0.0
4.9950 104.0688 0.0
15.0954 107.9022 0.0
11.9125 119.0764 0.0
-1.8993 112.0420 0.0
-1.5967 117.3229 0.0
-3.0630 114.1879 0.0
13.8111 115.7998 0.0
8.4833 118.6155 0.0
1.1817 104.5188 0.0
6.3578 111.9452 0.0
5.0508 120.5706 0.0
13.8122 108.2935 0.0
16.0276 115.0330 0.0
0.8701 123.9840 0.0
-1.9878 113.8422 0.0
12.8496 119.5768 0.0
12.0970 122.2445 0.0
-6.8456 117.7679 0.0
3.1428 124.5844 0.0
-0.3333 107.2238 0.0
5.7778 118.6900 0.0
3.8666 102.3546 0.0
11.6813 105.4092 0.0
-6.5670 112.4279 0.0
2.6670 118.0409 0.0
10.2499 120.1825 0.0
12.7203 105.5197 0.0
5.2347 115.4623 0.0
10.3198 103.7752 0.0
-1.4008 115.1568 0.0
1.1940 102.2153 0.0
7.3620 107.7025 0.0
-1.2503 106.9421 0.0
8.7392 114.3339 0.0
-1.7188 109.3262 0.0
8.0510 109.7040 0.0
-1.0137 121.1143 0.0
8.4108 110.4132 0.0
0.5197 103.6548 0.0
-0.4566 117.7841 0.0
0.0492 111.3280 0.0
12.0131 103.8640 0.0
0.1675 104.6287 0.0
-0.8636 116.9275 0.0
4.8288 111.7878 0.0
15.2333 114.1226 0.0
-2.5414 104.1283 0.0
14.0001 114.0212 0.0
6.5912 107.6626 0.0
11.1365 112.0782 0.0
-4.2313 118.0440 0.0
0.1243 119.6266 0.0
-1.5253 114.7799 0.0
9.0451 104.3698 0.0
10.6892 118.2174 0.0
-0.0921 106.0216 0.0
-3.4289 121.5204 0.0
-3.1442 107.2432 0.0
9.7157 117.7725 0.0
7.5919 113.2715 0.0
10.8306 105.8558 0.0
2.9824 107.4078 0.0
1.0020 124.5524 0.0
4.9612 108.7535 0.0
8.4720 102.4395 0.0
-4.3906 107.0187 0.0
0.2968 104.4565 0.0
-1.3357 104.8640 0.0
3.7746 125.7598 0.0
-1.5615 118.6281 0.0
3.8995 111.2684 0.0
7.9210 122.2100 0.0
6.3070 123.8644 0.0
6.4515 104.6871 0.0
-1.0076 103.1954 0.0
9.4314 106.1857 0.0
12.5294 105.4278 0.0
8.7706 116.5411 0.0
4.2615 117.8947 0.0
5.3945 102.4555 0.0
2.2561 108.7500 0.0
10.5187 117.3472 0.0
4.2340 106.1711 0.0
6.1119 106.8564 0.0
4.0318 120.5647 0.0
8.4519 108.0882 0.0
10.1212 107.1364 0.0
13.3053 110.1975 0.0
7.0155 111.3879 0.0
10.3420 106.9735 0.0
2.2321 120.7388 0.0
6.2378 111.2239 0.0
5.8973 117.8508 0.0
-2.6145 110.1812 0.0
-6.7706 116.5995 0.0
3.0227 106.7488 0.0
-6.2965 114.3493 0.0
8.8253 122.3396 0.0
14.2697 113.7986 0.0
4.9510 107.0746 0.0
4.9579 108.4636 0.0
5.2311 104.9099 0.0
1.7611 111.1001 0.0
-3.5216 119.0812 0.0
-4.4583 121.5923 0.0
5.2448 115.7734 0.0
11.9656 114.1768 0.0
7.9786 107.4068 0.0
2.1207 108.6975 0.0
4.5718 123.2443 0.0
-1.2090 121.9768 0.0
1.2218 116.4443 0.0
9.1891 121.7696 0.0
1.1783 124.1326 0.0
3.5813 106.9341 0.0
-0.4681 121.5692 0.0
16.0579 113.1578 0.0
10.3480 109.2594 0.0
7.2749 120.3662 0.0
14.9041 107.4221 0.0
5.5535 121.2581 0.0
11.6047 121.3418 0.0
-4.3872 107.8675 0.0
1.1267 117.2508 0.0
14.1253 115.8739 0.0
4.0822 125.0095 0.0
13.0578 116.2684 0.0
-1.9288 103.0812 0.0
14.3435 114.7668 0.0
-4.3288 118.6038 0.0
-2.7350 111.2825 0.0
9.3323 120.5265 0.0
-2.4888 106.0214 0.0
0.9518 107.7768 0.0
3.2497 123.4245 0.0
10.7169 120.8767 0.0
13.3401 120.5394 0.0
12.1839 120.6741 0.0
7.7535 116.0889 0.0
6.1982 118.7291 0.0
-1.7261 112.5877 0.0
2.9108 108.2170 0.0
10.9651 115.1646 0.0
6.7709 121.8997 0.0
-1.2495 123.8675 0.0
4.1965 112.9327 0.0
10.4628 103.2810 0.0
10.4428 121.7239 0.0
0.8272 113.2294 0.0
12.8940 119.8637 0.0
5.2330 119.6894 0.0
1.0210 125.1959 0.0
11.2698 118.5026 0.0
9.4719 114.7755 0.0
6.6069 107.1884 0.0
4.0064 106.6395 0.0
4.6949 109.7104 0.0
6.0716 111.3812 0.0
9.2863 122.3895 0.0
-2.2821 116.3008 0.0
11.4895 106.6725 0.0
5.9849 110.0476 0.0
0.2399 116.5635 0.0
2.8539 125.4385 0.0
9.0052 107.2771 0.0
-2.0146 104.6632 0.0
12.8043 120.8251 0.0
14.0507 117.3015 0.0
10.9210 123.7184 0.0
-2.1622 109.2248 0.0
-0.2796 103.6032 0.0
0.6974 117.0823 0.0
11.7277 114.8513 0.0
9.8604 104.7499 0.0
12.7509 122.5831 0.0
13.4303 121.3854 0.0
12.0431 115.7920 0.0
2.0351 119.2753 0.0
-0.0062 104.2386 0.0
-5.0271 108.5015 0.0
13.6344 112.1861 0.0
-0.7902 122.0369 0.0
1.7884 105.0457 0.0
2.5055 110.2780 0.0
1.0376 118.5444 0.0
-3.0640 120.1885 0.0
-5.9926 109.4493 0.0
15.9854 117.7646 0.0
9.9332 121.8316 0.0
11.2519 104.2552 0.0
14.6985 118.8610 0.0
4.9921 122.1222 0.0
15.9859 117.4113 0.0
0.9027 108.9618 0.0
5.2333 121.2900 0.0
7.1317 105.5521 0.0
9.5988 106.9690 0.0
10.5261 119.1627 0.0
-0.4369 106.3927 0.0
1.1502 115.5578 0.0
13.6587 113.5101 0.0
1.5656 111.2465 0.0
1.2527 122.5940 0.0
6.8429 121.9894 0.0
14.0695 110.3188 0.0
11.4703 116.0241 0.0
-1.0578 115.1354 0.0
-2.2040 107.2190 0.0
-0.1485 106.4554 0.0
12.3297 120.4788 0.0
6.3881 124.0899 0.0
7.9491 107.1543 0.0
1.3580 125.1365 0.0
1.8718 105.0289 0.0
5.8484 115.7644 0.0
3.5493 108.9922 0.0
12.6564 120.1509 0.0
8.1675 122.4519 0.0
-4.7543 120.9018 0.0
6.1271 105.3191 0.0
12.5966 120.1693 0.0
11.5748 109.9129 0.0
-5.0256 107.5313 0.0
-5.7649 116.8161 0.0
14.0819 110.7099 0.0
-0.0022 113.5331 0.0
13.0230 116.2559 0.0
10.7838 103.2526 0.0
-4.0153 113.0527 0.0
9.7008 124.2193 0.0
3.3590 104.2210 0.0
1.1586 116.3579 0.0
11.5409 106.9772 0.0
-2.0227 119.2788 0.0
14.9879 107.1626 0.0
2.9174 124.1099 0.0
16.3384 111.1861 0.0
10.0236 119.7327 0.0
2.0647 105.9977 0.0
1.2887 123.6204 0.0
11.0859 105.4606 0.0
14.0145 109.2938 0.0
7.4639 122.8777 0.0
2.0550 122.8867 0.0
1.1211 107.1293 0.0
-2.6393 103.6519 0.0
-7.5083 113.2036 0.0
0.0088 122.6850 0.0
2.0027 116.8395 0.0
-3.1804 109.8426 0.0
-4.2050 118.4803 0.0
10.2638 104.4457 0.0
8.2660 108.0709 0.0
-6.4194 111.9199 0.0
5.6924 115.0514 0.0
7.6101 123.1369 0.0
10.1418 122.6495 0.0
4.4768 120.0891 0.0
0.4007 103.0320 0.0
4.6505 106.8136 0.0
5.3635 111.4617 0.0
7.1534 110.5809 0.0
11.4701 105.4167 0.0
-5.2987 109.5126 0.0
5.7793 107.6276 0.0
1.9306 124.1676 0.0
13.4541 108.9166 0.0
11.8578 111.4027 0.0
-0.1494 124.6939 0.0
13.5872 114.2633 0.0
0.0306 109.2732 0.0
11.9286 105.4268 0.0
13.9940 107.4181 0.0
-1.6774 105.2546 0.0
-5.7084 110.4062 0.0
6.0588 104.0442 0.0
1.1982 125.0905 0.0
2.3778 108.7833 0.0
6.9445 118.2439 0.0
-1.8048 119.6361 0.0
-3.0296 110.6995 0.0
0.6767 111.2715 0.0
1.4957 118.9212 0.0
10.3206 122.1828 0.0
2.3801 117.8220 0.0
7.0211 112.3508 0.0
-0.5617 105.3103 0.0
-3.2135 109.7046 0.0
6.0581 106.2844 0.0
5.7979 120.3299 0.0
9.2861 115.7146 0.0
-3.0323 117.9015 0.0
12.0327 118.5209 0.0
5.8171 119.1477 0.0
-0.0331 118.9240 0.0
4.5957 107.7474 0.0
13.4351 113.3055 0.0
15.5580 112.1329 0.0
3.9386 112.4925 0.0
11.2604 108.7835 0.0
-2.4602 106.8641 0.0
-0.4410 102.5472 0.0
10.5039 109.9369 0.0
-4.4906 121.3629 0.0
2.6529 122.3370 0.0
9.6275 102.8177 0.0
6.9479 106.3438 0.0
12.3815 115.7813 0.0
8.6099 124.5030 0.0
12.8345 110.6160 0.0
9.3320 112.1198 0.0
13.4903 113.9261 0.0
2.9933 110.7418 0.0
11.6345 105.2326 0.0
10.8476 118.4439 0.0
1.8674 104.8912 0.0
6.4121 101.4528 0.0
13.6679 109.7473 0.0
10.5290 122.3731 0.0
0.4159 120.7432 0.0
7.9210 114.7256 0.0
-5.7149 109.5777 0.0
5.8025 122.7599 0.0
-0.2587 117.5369 0.0
-4.3911 117.4909 0.0
3.7609 112.0839 0.0
-1.1579 106.5335 0.0
4.8613 103.8232 0.0
1.6479 104.5501 0.0
7.4738 112.0435 0.0
5.4183 109.5920 0.0
10.2651 117.0402 0.0
-5.4215 117.6152 0.0
0.3969 106.9690 0.0
-3.7616 111.7328 0.0
0.9906 116.3670 0.0
-6.0085 110.3779 0.0
11.9242 123.1658 0.0
13.1649 108.1743 0.0
3.0827 102.6358 0.0
11.6206 111.1109 0.0
-4.0879 110.3960 0.0
8.8053 113.6377 0.0
-4.7209 111.3001 0.0
0.4771 124.7429 0.0
13.2240 107.2893 0.0
-1.6385 117.2550 0.0
-5.3309 112.7196 0.0
5.3985 118.3616 0.0
8.3421 124.1444 0.0
6.1041 108.4985 0.0
11.2378 104.2162 0.0
16.3405 113.0589 0.0
-3.4311 110.9369 0.0
10.5314 116.2636 0.0
3.9125 109.6911 0.0
0.3339 120.9831 0.0
2.0412 109.8565 0.0
1.6627 110.8507 0.0
-0.3096 124.1015 0.0
-1.6325 107.9986 0.0
-1.3572 110.0762 0.0
-1.5803 120.4438 0.0
-1.7128 116.5060 0.0
4.5205 114.3553 0.0
4.1307 107.7216 0.0
8.8467 106.5789 0.0
4.0198 109.0179 0.0
-6.6849 116.1776 0.0
1.9900 120.4116 0.0
8.5982 121.7328 0.0
9.7114 105.3726 0.0
11.7477 122.4486 0.0
3.7520 122.4934 0.0
14.7442 119.0206 0.0
7.8462 113.8972 0.0
13.0711 115.2471 0.0
-3.2459 118.7630 0.0
12.3386 108.1425 0.0
-4.2753 111.0350 0.0
-7.5746 115.6572 0.0
-2.6860 121.5758 0.0
5.3042 107.7330 0.0
1.8232 123.6653 0.0
-3.8466 112.9519 0.0
-3.2284 113.3946 0.0
10.2682 105.2125 0.0
-3.8099 106.2468 0.0
-0.4772 113.0567 0.0
8.0297 120.9708 0.0
-1.9411 103.4269 0.0
3.4335 101.4549 0.0
-0.8886 120.1158 0.0
-1.2225 113.9453 0.0
2.4020 115.7521 0.0
5.1811 115.9557 0.0
-3.0224 122.4613 0.0
-3.5700 115.8688 0.0
7.1245 113.1758 0.0
2.4980 106.8015 0.0
8.7511 105.6350 0.0
3.5631 124.6939 0.0
8.6682 121.6292 0.0
-2.0744 120.9341 0.0
9.5738 104.8577 0.0
-1.7884 119.6873 0.0
-7.1256 112.2905 0.0
9.4131 108.0420 0.0
-4.0076 114.4627 0.0
-5.0372 113.3895 0.0
6.8134 117.4741 0.0
2.3863 110.8259 0.0
6.6790 118.7411 0.0
2.9935 106.2606 0.0
5.0199 117.7049 0.0
2.4466 102.6313 0.0
-3.9392 114.6327 0.0
7.4806 118.3201 0.0
15.5902 115.1347 0.0
2.2182 112.3637 0.0
1.1180 109.9186 0.0
2.3170 112.4336 0.0
4.3495 116.4059 0.0
9.5282 112.1306 0.0
-4.2509 109.7937 0.0
4.1816 111.8518 0.0
2.4173 123.2706 0.0
1.0884 114.6276 0.0
12.7169 104.2195 0.0
6.9515 109.0320 0.0
7.1315 104.2889 0.0
9.1128 123.7411 0.0
3.5920 123.4438 0.0
-1.2422 122.2233 0.0
-2.4599 109.0424 0.0
0.0764 117.3772 0.0
5.6925 117.3823 0.0
-6.8720 113.1862 0.0
9.1907 120.0023 0.0
0.7360 114.0752 0.0
13.8327 115.9059 0.0
-6.3613 113.2714 0.0
