3.9472 111.1492 0.0
2.8749 116.4332 0.0
-0.0070 113.4890 0.0
3.8744 108.9724 0.0
4.3558 112.7444 0.0
-0.7494 114.1877 0.0
6.9256 112.5520 0.0
2.4662 109.5429 0.0
5.0248 111.7739 0.0
7.1906 113.3166 0.0
2.3069 112.3152 0.0
-0.1991 115.4630 0.0
1.1529 113.4851 0.0
3.1356 113.2552 0.0
0.0255 112.5784 0.0
3.2604 114.6582 0.0
0.9641 113.0289 0.0
5.3986 112.8263 0.0
-0.8591 111.0687 0.0
4.4124 115.8200 0.0
5.8544 109.0425 0.0
2.2237 113.8590 0.0
2.0779 108.7885 0.0
-0.8405 114.5484 0.0
1.0333 108.9013 0.0
0.8889 111.2031 0.0
5.4005 109.0195 0.0
0.2906 110.8019 0.0
3.0381 113.3358 0.0
-0.4473 114.5617 0.0
1.2169 111.9347 0.0
1.2775 109.1416 0.0
0.4474 113.5314 0.0
3.5699 109.3405 0.0
0.4575 114.5199 0.0
6.0925 113.0822 0.0
2.7292 111.6010 0.0
-0.7160 110.0327 0.0
4.3536 114.9785 0.0
6.1665 112.1414 0.0
-0.8254 111.5263 0.0
3.4661 116.6502 0.0
6.0804 111.5504 0.0
-0.3059 113.3693 0.0
0.7719 111.8060 0.0
7.3963 112.6580 0.0
4.7058 108.8985 0.0
2.7476 108.2688 0.0
-1.0170 112.0257 0.0
-0.0122 114.0110 0.0
3.7293 111.7224 0.0
4.0523 115.7321 0.0
-0.1802 112.8025 0.0
1.4753 114.7142 0.0
0.6447 110.1859 0.0
-0.3980 113.4160 0.0
3.0961 113.2469 0.0
1.3674 111.5406 0.0
4.2504 108.5139 0.0
4.6276 108.8251 0.0
4.2383 110.5925 0.0
6.1961 114.3451 0.0
3.5785 112.5531 0.0
3.0108 116.4140 0.0
1.9466 111.4478 0.0
5.3912 113.6179 0.0
1.2300 112.1920 0.0
2.7354 114.3273 0.0
-0.6405 113.5665 0.0
0.4830 112.9192 0.0
2.4770 112.9527 0.0
4.1073 115.2027 0.0
4.1987 111.6258 0.0
3.8164 115.6103 0.0
4.4308 109.3021 0.0
3.6447 112.5728 0.0
2.6652 110.8097 0.0
2.4936 110.7704 0.0
-0.5579 111.4721 0.0
5.0872 112.1770 0.0
-0.9946 112.0813 0.0
1.7353 110.7908 0.0
0.4891 111.2020 0.0
1.2665 110.6292 0.0
2.6722 113.5412 0.0
6.1386 109.3781 0.0
4.5686 110.5648 0.0
5.3250 111.5661 0.0
-0.3525 114.4522 0.0
5.2557 112.6205 0.0
7.0961 113.4961 0.0
6.9561 111.5410 0.0
4.6075 115.4952 0.0
7.1321 111.8120 0.0
-0.7671 112.2895 0.0
1.4185 114.7705 0.0
2.0643 110.6851 0.0
4.0176 115.2820 0.0
2.2679 111.2431 0.0
0.5533 112.5031 0.0
4.7747 110.6458 0.0
7.2376 112.9845 0.0
2.0543 114.2820 0.0
3.9114 108.1206 0.0
3.6028 115.0516 0.0
4.9335 109.3495 0.0
0.5857 116.1132 0.0
1.3740 108.5962 0.0
6.1169 112.2150 0.0
2.6656 110.3447 0.0
3.6326 113.6470 0.0
3.9896 116.6819 0.0
-0.1665 110.1899 0.0
0.2129 115.5438 0.0
2.3283 115.0391 0.0
-0.3255 109.9509 0.0
6.3360 109.6383 0.0
1.4305 111.9765 0.0
4.4083 112.8540 0.0
3.8112 111.5922 0.0
4.8902 108.9791 0.0
1.0327 110.7591 0.0
0.1353 115.2611 0.0
3.5585 115.8556 0.0
2.8652 113.7803 0.0
-0.9007 110.8258 0.0
-1.1735 113.6357 0.0
3.5456 110.1932 0.0
7.0787 112.8184 0.0
6.0876 114.5083 0.0
4.1447 111.4902 0.0
3.0586 113.3989 0.0
-0.9306 114.6313 0.0
3.7583 113.8290 0.0
2.9168 110.2891 0.0
4.2212 111.7322 0.0
5.7175 111.9856 0.0
1.8291 116.6303 0.0
0.7600 112.8263 0.0
2.1786 111.3366 0.0
3.8931 112.5591 0.0
1.7417 116.7818 0.0
-0.3021 113.5779 0.0
5.3224 113.4713 0.0
7.2204 111.6887 0.0
6.3877 115.3556 0.0
1.4599 111.0912 0.0
-1.2905 111.3126 0.0
1.0377 109.3233 0.0
0.7890 111.9077 0.0
3.0567 114.9955 0.0
2.7534 113.7605 0.0
-1.2223 113.9357 0.0
0.7471 109.6487 0.0
-0.3688 115.2737 0.0
1.8382 114.7060 0.0
4.4504 110.4234 0.0
1.6154 116.5241 0.0
0.4997 111.7858 0.0
0.1818 110.5571 0.0
5.2079 112.7846 0.0
4.9947 113.4759 0.0
6.0125 113.9408 0.0
2.1871 111.5723 0.0
3.6352 110.1565 0.0
5.0533 110.0972 0.0
1.2344 112.4841 0.0
6.5479 114.3699 0.0
5.0319 116.3866 0.0
6.9438 112.1241 0.0
1.2697 116.1952 0.0
1.5359 112.3674 0.0
1.8365 116.6572 0.0
5.6750 115.8084 0.0
7.2055 113.3517 0.0
5.0736 111.0521 0.0
6.3648 110.2762 0.0
2.9012 108.3726 0.0
4.6290 115.8646 0.0
4.6176 114.9795 0.0
1.1222 109.1898 0.0
5.0773 113.3911 0.0
4.5796 108.3732 0.0
-0.2206 111.6421 0.0
-0.9716 113.7014 0.0
1.5044 114.9042 0.0
5.2571 112.8494 0.0
-0.1312 114.3098 0.0
6.1396 113.7981 0.0
4.7298 114.5484 0.0
2.9090 114.0902 0.0
-0.2785 114.9553 0.0
0.8339 110.6487 0.0
5.1706 112.6022 0.0
-0.2695 112.4815 0.0
-0.3534 113.8708 0.0
2.5661 108.7946 0.0
0.8056 112.5681 0.0
3.4856 115.5776 0.0
0.3184 111.4288 0.0
