48
WALKER-0-0
1 70001U 14001A   14273.50403866  .00012237  00000-0  21631-3 0  9994
2 70001  97.4624  29.0000 0002045 126.1182   0.0000 15.18173459    10
WALKER-0-1
1 70002U 14001A   14273.50403866  .00012237  00000-0  21631-3 0  9995
2 70002  97.4624  29.0000 0002045 126.1182  60.0000 15.18173459    17
WALKER-0-2
1 70003U 14001A   14273.50403866  .00012237  00000-0  21631-3 0  9996
2 70003  97.4624  29.0000 0002045 126.1182 120.0000 15.18173459    15
WALKER-0-3
1 70004U 14001A   14273.50403866  .00012237  00000-0  21631-3 0  9997
2 70004  97.4624  29.0000 0002045 126.1182 180.0000 15.18173459    12
WALKER-0-4
1 70005U 14001A   14273.50403866  .00012237  00000-0  21631-3 0  9998
2 70005  97.4624  29.0000 0002045 126.1182 240.0000 15.18173459    10
WALKER-0-5
1 70006U 14001A   14273.50403866  .00012237  00000-0  21631-3 0  9999
2 70006  97.4624  29.0000 0002045 126.1182 300.0000 15.18173459    18
WALKER-1-0
1 70007U 14001A   14273.50403866  .00012237  00000-0  21631-3 0  9990
2 70007  97.4624  51.5000 0002045 126.1182   0.0000 15.18173459    16
WALKER-1-1
1 70008U 14001A   14273.50403866  .00012237  00000-0  21631-3 0  9991
2 70008  97.4624  51.5000 0002045 126.1182  60.0000 15.18173459    13
WALKER-1-2
1 70009U 14001A   14273.50403866  .00012237  00000-0  21631-3 0  9992
2 70009  97.4624  51.5000 0002045 126.1182 120.0000 15.18173459    11
WALKER-1-3
1 70010U 14001A   14273.50403866  .00012237  00000-0  21631-3 0  9994
2 70010  97.4624  51.5000 0002045 126.1182 180.0000 15.18173459    19
WALKER-1-4
1 70011U 14001A   14273.50403866  .00012237  00000-0  21631-3 0  9995
2 70011  97.4624  51.5000 0002045 126.1182 240.0000 15.18173459    17
WALKER-1-5
1 70012U 14001A   14273.50403866  .00012237  00000-0  21631-3 0  9996
2 70012  97.4624  51.5000 0002045 126.1182 300.0000 15.18173459    15
WALKER-2-0
1 70013U 14001A   14273.50403866  .00012237  00000-0  21631-3 0  9997
2 70013  97.4624  74.0000 0002045 126.1182   0.0000 15.18173459    13
WALKER-2-1
1 70014U 14001A   14273.50403866  .00012237  00000-0  21631-3 0  9998
2 70014  97.4624  74.0000 0002045 126.1182  60.0000 15.18173459    10
WALKER-2-2
1 70015U 14001A   14273.50403866  .00012237  00000-0  21631-3 0  9999
2 70015  97.4624  74.0000 0002045 126.1182 120.0000 15.18173459    18
WALKER-2-3
1 70016U 14001A   14273.50403866  .00012237  00000-0  21631-3 0  9990
2 70016  97.4624  74.0000 0002045 126.1182 180.0000 15.18173459    15
WALKER-2-4
1 70017U 14001A   14273.50403866  .00012237  00000-0  21631-3 0  9991
2 70017  97.4624  74.0000 0002045 126.1182 240.0000 15.18173459    13
WALKER-2-5
1 70018U 14001A   14273.50403866  .00012237  00000-0  21631-3 0  9992
2 70018  97.4624  74.0000 0002045 126.1182 300.0000 15.18173459    11
WALKER-3-0
1 70019U 14001A   14273.50403866  .00012237  00000-0  21631-3 0  9993
2 70019  97.4624  96.5000 0002045 126.1182   0.0000 15.18173459    18
WALKER-3-1
1 70020U 14001A   14273.50403866  .00012237  00000-0  21631-3 0  9995
2 70020  97.4624  96.5000 0002045 126.1182  60.0000 15.18173459    16
WALKER-3-2
1 70021U 14001A   14273.50403866  .00012237  00000-0  21631-3 0  9996
2 70021  97.4624  96.5000 0002045 126.1182 120.0000 15.18173459    14
WALKER-3-3
1 70022U 14001A   14273.50403866  .00012237  00000-0  21631-3 0  9997
2 70022  97.4624  96.5000 0002045 126.1182 180.0000 15.18173459    11
WALKER-3-4
1 70023U 14001A   14273.50403866  .00012237  00000-0  21631-3 0  9998
2 70023  97.4624  96.5000 0002045 126.1182 240.0000 15.18173459    19
WALKER-3-5
1 70024U 14001A   14273.50403866  .00012237  00000-0  21631-3 0  9999
2 70024  97.4624  96.5000 0002045 126.1182 300.0000 15.18173459    17
WALKER-4-0
1 70025U 14001A   14273.50403866  .00012237  00000-0  21631-3 0  9990
2 70025  97.4624 119.0000 0002045 126.1182   0.0000 15.18173459    16
WALKER-4-1
1 70026U 14001A   14273.50403866  .00012237  00000-0  21631-3 0  9991
2 70026  97.4624 119.0000 0002045 126.1182  60.0000 15.18173459    13
WALKER-4-2
1 70027U 14001A   14273.50403866  .00012237  00000-0  21631-3 0  9992
2 70027  97.4624 119.0000 0002045 126.1182 120.0000 15.18173459    11
WALKER-4-3
1 70028U 14001A   14273.50403866  .00012237  00000-0  21631-3 0  9993
2 70028  97.4624 119.0000 0002045 126.1182 180.0000 15.18173459    18
WALKER-4-4
1 70029U 14001A   14273.50403866  .00012237  00000-0  21631-3 0  9994
2 70029  97.4624 119.0000 0002045 126.1182 240.0000 15.18173459    16
WALKER-4-5
1 70030U 14001A   14273.50403866  .00012237  00000-0  21631-3 0  9996
2 70030  97.4624 119.0000 0002045 126.1182 300.0000 15.18173459    15
WALKER-5-0
1 70031U 14001A   14273.50403866  .00012237  00000-0  21631-3 0  9997
2 70031  97.4624 141.5000 0002045 126.1182   0.0000 15.18173459    13
WALKER-5-1
1 70032U 14001A   14273.50403866  .00012237  00000-0  21631-3 0  9998
2 70032  97.4624 141.5000 0002045 126.1182  60.0000 15.18173459    10
WALKER-5-2
1 70033U 14001A   14273.50403866  .00012237  00000-0  21631-3 0  9999
2 70033  97.4624 141.5000 0002045 126.1182 120.0000 15.18173459    18
WALKER-5-3
1 70034U 14001A   14273.50403866  .00012237  00000-0  21631-3 0  9990
2 70034  97.4624 141.5000 0002045 126.1182 180.0000 15.18173459    15
WALKER-5-4
1 70035U 14001A   14273.50403866  .00012237  00000-0  21631-3 0  9991
2 70035  97.4624 141.5000 0002045 126.1182 240.0000 15.18173459    13
WALKER-5-5
1 70036U 14001A   14273.50403866  .00012237  00000-0  21631-3 0  9992
2 70036  97.4624 141.5000 0002045 126.1182 300.0000 15.18173459    11
WALKER-6-0
1 70037U 14001A   14273.50403866  .00012237  00000-0  21631-3 0  9993
2 70037  97.4624 164.0000 0002045 126.1182   0.0000 15.18173459    19
WALKER-6-1
1 70038U 14001A   14273.50403866  .00012237  00000-0  21631-3 0  9994
2 70038  97.4624 164.0000 0002045 126.1182  60.0000 15.18173459    16
WALKER-6-2
1 70039U 14001A   14273.50403866  .00012237  00000-0  21631-3 0  9995
2 70039  97.4624 164.0000 0002045 126.1182 120.0000 15.18173459    14
WALKER-6-3
1 70040U 14001A   14273.50403866  .00012237  00000-0  21631-3 0  9997
2 70040  97.4624 164.0000 0002045 126.1182 180.0000 15.18173459    12
WALKER-6-4
1 70041U 14001A   14273.50403866  .00012237  00000-0  21631-3 0  9998
2 70041  97.4624 164.0000 0002045 126.1182 240.0000 15.18173459    10
WALKER-6-5
1 70042U 14001A   14273.50403866  .00012237  00000-0  21631-3 0  9999
2 70042  97.4624 164.0000 0002045 126.1182 300.0000 15.18173459    18
WALKER-7-0
1 70043U 14001A   14273.50403866  .00012237  00000-0  21631-3 0  9990
2 70043  97.4624 186.5000 0002045 126.1182   0.0000 15.18173459    15
WALKER-7-1
1 70044U 14001A   14273.50403866  .00012237  00000-0  21631-3 0  9991
2 70044  97.4624 186.5000 0002045 126.1182  60.0000 15.18173459    12
WALKER-7-2
1 70045U 14001A   14273.50403866  .00012237  00000-0  21631-3 0  9992
2 70045  97.4624 186.5000 0002045 126.1182 120.0000 15.18173459    10
WALKER-7-3
1 70046U 14001A   14273.50403866  .00012237  00000-0  21631-3 0  9993
2 70046  97.4624 186.5000 0002045 126.1182 180.0000 15.18173459    17
WALKER-7-4
1 70047U 14001A   14273.50403866  .00012237  00000-0  21631-3 0  9994
2 70047  97.4624 186.5000 0002045 126.1182 240.0000 15.18173459    15
WALKER-7-5
1 70048U 14001A   14273.50403866  .00012237  00000-0  21631-3 0  9995
2 70048  97.4624 186.5000 0002045 126.1182 300.0000 15.18173459    13
