14.1909 115.0839 0.0
5.5780 119.8742 0.0
-0.1801 104.0671 0.0
14.4033 119.7162 0.0
12.3309 115.0185 0.0
12.4819 111.4801 0.0
13.5898 117.6179 0.0
4.0032 115.8101 0.0
10.2942 116.7660 0.0
1.9670 117.1367 0.0
6.8955 109.2507 0.0
11.3756 110.3794 0.0
0.7289 106.1094 0.0
2.4153 118.3999 0.0
12.0588 114.1219 0.0
13.7393 113.3195 0.0
5.8152 106.3513 0.0
3.8739 112.5177 0.0
11.1841 114.6652 0.0
4.3885 113.9173 0.0
0.7885 104.6456 0.0
8.4992 110.3844 0.0
7.5126 110.6967 0.0
8.0145 109.7852 0.0
0.2460 107.8497 0.0
7.8212 113.4268 0.0
9.3766 105.4266 0.0
13.3370 105.4682 0.0
1.8259 116.6760 0.0
2.0448 105.0443 0.0
2.9491 117.5464 0.0
3.1859 116.0836 0.0
7.3620 107.3629 0.0
7.8928 104.6942 0.0
6.6559 119.3940 0.0
3.6826 107.8569 0.0
8.9490 106.3506 0.0
9.8096 108.7419 0.0
10.8039 106.0369 0.0
13.0066 111.9568 0.0
10.4634 113.4031 0.0
10.2429 109.8081 0.0
9.6582 109.4446 0.0
11.8540 105.3351 0.0
12.6366 112.3663 0.0
11.7766 105.8602 0.0
0.7352 114.2429 0.0
4.1737 106.4920 0.0
4.5609 108.6176 0.0
0.5514 115.6540 0.0
4.7846 112.5167 0.0
12.6101 112.0682 0.0
8.0119 115.2187 0.0
12.4995 108.4090 0.0
1.8329 114.0894 0.0
7.1208 119.6969 0.0
1.1381 116.9950 0.0
4.5996 118.0626 0.0
3.4579 112.7252 0.0
12.9277 107.6915 0.0
5.2703 117.9927 0.0
5.2161 119.7759 0.0
9.8522 108.6214 0.0
4.6307 111.7024 0.0
