3.9472 111.1492 0.0
2.8749 116.4332 0.0
-0.0070 113.4890 0.0
3.8744 108.9724 0.0
4.3558 112.7444 0.0
-0.7494 114.1877 0.0
6.9256 112.5520 0.0
2.4662 109.5429 0.0
5.0248 111.7739 0.0
7.1906 113.3166 0.0
2.3069 112.3152 0.0
-0.1991 115.4630 0.0
1.1529 113.4851 0.0
3.1356 113.2552 0.0
0.0255 112.5784 0.0
3.2604 114.6582 0.0
0.9641 113.0289 0.0
5.3986 112.8263 0.0
-0.8591 111.0687 0.0
4.4124 115.8200 0.0
5.8544 109.0425 0.0
2.2237 113.8590 0.0
2.0779 108.7885 0.0
-0.8405 114.5484 0.0
1.0333 108.9013 0.0
0.8889 111.2031 0.0
5.4005 109.0195 0.0
0.2906 110.8019 0.0
3.0381 113.3358 0.0
-0.4473 114.5617 0.0
1.2169 111.9347 0.0
1.2775 109.1416 0.0
0.4474 113.5314 0.0
3.5699 109.3405 0.0
0.4575 114.5199 0.0
6.0925 113.0822 0.0
2.7292 111.6010 0.0
-0.7160 110.0327 0.0
4.3536 114.9785 0.0
6.1665 112.1414 0.0
-0.8254 111.5263 0.0
3.4661 116.6502 0.0
6.0804 111.5504 0.0
-0.3059 113.3693 0.0
0.7719 111.8060 0.0
7.3963 112.6580 0.0
4.7058 108.8985 0.0
2.7476 108.2688 0.0
-1.0170 112.0257 0.0
-0.0122 114.0110 0.0
3.7293 111.7224 0.0
4.0523 115.7321 0.0
-0.1802 112.8025 0.0
1.4753 114.7142 0.0
0.6447 110.1859 0.0
-0.3980 113.4160 0.0
3.0961 113.2469 0.0
1.3674 111.5406 0.0
4.2504 108.5139 0.0
4.6276 108.8251 0.0
4.2383 110.5925 0.0
6.1961 114.3451 0.0
3.5785 112.5531 0.0
3.0108 116.4140 0.0
1.9466 111.4478 0.0
5.3912 113.6179 0.0
1.2300 112.1920 0.0
2.7354 114.3273 0.0
-0.6405 113.5665 0.0
0.4830 112.9192 0.0
2.4770 112.9527 0.0
4.1073 115.2027 0.0
4.1987 111.6258 0.0
3.8164 115.6103 0.0
4.4308 109.3021 0.0
3.6447 112.5728 0.0
2.6652 110.8097 0.0
2.4936 110.7704 0.0
-0.5579 111.4721 0.0
5.0872 112.1770 0.0
-0.9946 112.0813 0.0
1.7353 110.7908 0.0
0.4891 111.2020 0.0
1.2665 110.6292 0.0
2.6722 113.5412 0.0
6.1386 109.3781 0.0
4.5686 110.5648 0.0
5.3250 111.5661 0.0
-0.3525 114.4522 0.0
5.2557 112.6205 0.0
7.0961 113.4961 0.0
6.9561 111.5410 0.0
4.6075 115.4952 0.0
7.1321 111.8120 0.0
-0.7671 112.2895 0.0
1.4185 114.7705 0.0
2.0643 110.6851 0.0
4.0176 115.2820 0.0
2.2679 111.2431 0.0
0.5533 112.5031 0.0
4.7747 110.6458 0.0
7.2376 112.9845 0.0
2.0543 114.2820 0.0
3.9114 108.1206 0.0
3.6028 115.0516 0.0
4.9335 109.3495 0.0
0.5857 116.1132 0.0
1.3740 108.5962 0.0
6.1169 112.2150 0.0
2.6656 110.3447 0.0
3.6326 113.6470 0.0
3.9896 116.6819 0.0
-0.1665 110.1899 0.0
0.2129 115.5438 0.0
2.3283 115.0391 0.0
-0.3255 109.9509 0.0
6.3360 109.6383 0.0
1.4305 111.9765 0.0
4.4083 112.8540 0.0
3.8112 111.5922 0.0
4.8902 108.9791 0.0
1.0327 110.7591 0.0
0.1353 115.2611 0.0
3.5585 115.8556 0.0
2.8652 113.7803 0.0
-0.9007 110.8258 0.0
-1.1735 113.6357 0.0
3.5456 110.1932 0.0
7.0787 112.8184 0.0
6.0876 114.5083 0.0
4.1447 111.4902 0.0
3.0586 113.3989 0.0
-0.9306 114.6313 0.0
3.7583 113.8290 0.0
2.9168 110.2891 0.0
4.2212 111.7322 0.0
5.7175 111.9856 0.0
1.8291 116.6303 0.0
0.7600 112.8263 0.0
2.1786 111.3366 0.0
3.8931 112.5591 0.0
1.7417 116.7818 0.0
-0.3021 113.5779 0.0
5.3224 113.4713 0.0
7.2204 111.6887 0.0
6.3877 115.3556 0.0
1.4599 111.0912 0.0
-1.2905 111.3126 0.0
1.0377 109.3233 0.0
0.7890 111.9077 0.0
3.0567 114.9955 0.0
2.7534 113.7605 0.0
-1.2223 113.9357 0.0
0.7471 109.6487 0.0
-0.3688 115.2737 0.0
1.8382 114.7060 0.0
4.4504 110.4234 0.0
1.6154 116.5241 0.0
0.4997 111.7858 0.0
0.1818 110.5571 0.0
5.2079 112.7846 0.0
4.9947 113.4759 0.0
6.0125 113.9408 0.0
2.1871 111.5723 0.0
3.6352 110.1565 0.0
5.0533 110.0972 0.0
1.2344 112.4841 0.0
6.5479 114.3699 0.0
5.0319 116.3866 0.0
6.9438 112.1241 0.0
1.2697 116.1952 0.0
1.5359 112.3674 0.0
1.8365 116.6572 0.0
5.6750 115.8084 0.0
7.2055 113.3517 0.0
5.0736 111.0521 0.0
6.3648 110.2762 0.0
2.9012 108.3726 0.0
4.6290 115.8646 0.0
4.6176 114.9795 0.0
1.1222 109.1898 0.0
5.0773 113.3911 0.0
4.5796 108.3732 0.0
-0.2206 111.6421 0.0
-0.9716 113.7014 0.0
1.5044 114.9042 0.0
5.2571 112.8494 0.0
-0.1312 114.3098 0.0
6.1396 113.7981 0.0
4.7298 114.5484 0.0
2.9090 114.0902 0.0
-0.2785 114.9553 0.0
0.8339 110.6487 0.0
5.1706 112.6022 0.0
-0.2695 112.4815 0.0
-0.3534 113.8708 0.0
2.5661 108.7946 0.0
0.8056 112.5681 0.0
3.4856 115.5776 0.0
0.3184 111.4288 0.0
6.7225 110.3802 0.0
1.5708 110.6207 0.0
3.8891 112.9296 0.0
5.3088 110.2574 0.0
3.1805 110.7110 0.0
1.4001 116.4162 0.0
5.1803 109.4545 0.0
2.1740 109.8827 0.0
-0.1972 110.3366 0.0
6.3133 109.9795 0.0
-0.9720 110.5906 0.0
2.9929 114.3905 0.0
1.0993 111.6114 0.0
6.7061 113.7611 0.0
2.2392 108.8613 0.0
0.3593 112.2491 0.0
2.7700 110.6866 0.0
3.9009 112.3931 0.0
0.2046 109.5768 0.0
4.9858 111.2876 0.0
5.8261 115.8829 0.0
5.1625 109.1775 0.0
1.8803 109.0188 0.0
5.6669 111.1246 0.0
-0.2749 115.4895 0.0
-0.6761 114.1504 0.0
2.1666 114.1260 0.0
4.3434 111.6330 0.0
6.2261 115.5027 0.0
0.0785 114.4027 0.0
2.5645 113.9846 0.0
2.9940 110.2567 0.0
3.1051 112.7650 0.0
5.9526 112.8931 0.0
0.1941 110.3027 0.0
4.1067 116.4634 0.0
0.6848 111.8683 0.0
0.9825 111.2925 0.0
2.0864 110.4385 0.0
4.4408 108.7640 0.0
-1.2578 111.2503 0.0
4.9417 110.0159 0.0
-0.5623 110.8065 0.0
2.4090 115.2240 0.0
3.5231 111.1150 0.0
2.9735 110.9530 0.0
6.2402 111.7736 0.0
6.8686 111.8494 0.0
1.3381 112.4961 0.0
1.7226 115.6580 0.0
1.0166 115.0009 0.0
6.2686 112.5174 0.0
0.1584 113.4334 0.0
0.9971 113.9687 0.0
1.3834 108.8591 0.0
1.1083 109.9715 0.0
3.7889 115.1516 0.0
2.9517 112.7761 0.0
5.5599 110.1427 0.0
-1.0855 112.2178 0.0
-1.3378 113.5694 0.0
-0.4541 114.7267 0.0
6.8684 112.1974 0.0
4.1927 114.6827 0.0
-0.4740 111.8147 0.0
5.6951 112.5597 0.0
0.4937 113.7616 0.0
4.8418 110.3057 0.0
2.6514 109.0755 0.0
2.9672 108.2334 0.0
2.9161 109.3405 0.0
0.8621 109.6017 0.0
0.0239 114.4711 0.0
0.6199 109.8396 0.0
3.8820 108.2315 0.0
3.4539 108.3828 0.0
-0.2010 109.9987 0.0
2.7568 115.1506 0.0
5.6576 109.8032 0.0
4.9148 115.2126 0.0
-1.0846 112.8985 0.0
5.9491 113.3658 0.0
2.8940 109.2852 0.0
1.2058 114.8109 0.0
6.6163 112.9515 0.0
6.0206 111.4352 0.0
-0.0491 114.6625 0.0
0.0509 110.2095 0.0
3.5397 114.4857 0.0
2.4941 116.7080 0.0
3.5974 111.4228 0.0
0.8003 114.8992 0.0
2.7321 109.2908 0.0
1.9439 110.9838 0.0
4.5085 109.0096 0.0
1.1974 111.0131 0.0
0.9910 111.6882 0.0
3.4616 110.6887 0.0
0.9915 116.1780 0.0
5.0655 112.0211 0.0
5.1009 109.3532 0.0
3.6339 112.0351 0.0
1.5599 115.7466 0.0
3.2150 109.5491 0.0
4.4693 116.2094 0.0
4.7987 115.5734 0.0
-1.1598 114.0419 0.0
2.4146 108.2373 0.0
2.7366 115.9961 0.0
5.1017 114.9995 0.0
2.6432 110.8653 0.0
3.0234 109.7943 0.0
2.5618 110.3359 0.0
1.6977 116.0870 0.0
1.8299 113.3854 0.0
5.5529 114.3567 0.0
4.8269 113.1631 0.0
5.6625 110.2625 0.0
5.0430 112.9534 0.0
4.4964 109.0320 0.0
-0.3451 109.6143 0.0
4.3801 110.2565 0.0
2.4551 111.0522 0.0
1.8789 113.3188 0.0
0.7226 114.6991 0.0
3.2116 114.3367 0.0
-0.9602 113.4501 0.0
3.8118 115.8313 0.0
1.1659 115.8350 0.0
5.9192 110.6317 0.0
7.2962 113.7857 0.0
5.5124 109.3633 0.0
1.1129 114.2055 0.0
5.9895 110.8257 0.0
5.0733 110.5511 0.0
5.2565 115.7053 0.0
7.2786 112.9099 0.0
2.1261 111.0243 0.0
2.2190 113.2392 0.0
1.4227 112.8751 0.0
6.4242 110.2037 0.0
3.7857 112.8164 0.0
6.9745 113.5972 0.0
4.7402 114.0844 0.0
4.3364 112.7346 0.0
2.8785 108.9068 0.0
5.1066 109.4220 0.0
0.1832 114.8424 0.0
6.5071 111.8208 0.0
3.1563 116.1033 0.0
4.0129 112.0624 0.0
0.9758 115.3042 0.0
-0.2508 111.2051 0.0
6.0151 113.7131 0.0
0.7200 113.8961 0.0
4.4645 111.1247 0.0
1.4681 110.0008 0.0
2.8397 108.6998 0.0
3.0530 108.6767 0.0
5.2307 112.1664 0.0
4.5240 111.6440 0.0
5.4888 109.1660 0.0
3.8682 113.0611 0.0
-0.9787 113.2817 0.0
5.7235 112.2368 0.0
2.1169 112.3229 0.0
5.0741 114.6622 0.0
2.2566 109.7690 0.0
7.1733 113.1517 0.0
5.7455 114.2539 0.0
6.4525 114.5677 0.0
2.3789 113.0536 0.0
1.5114 116.0541 0.0
3.4481 110.9397 0.0
5.4929 109.3174 0.0
0.7931 113.6290 0.0
0.9147 111.7158 0.0
1.6340 114.6959 0.0
6.8314 111.4192 0.0
5.7197 114.6039 0.0
-0.4447 113.6542 0.0
2.1454 108.1068 0.0
1.7621 108.5772 0.0
5.6232 110.5101 0.0
1.9472 116.4686 0.0
1.7773 113.7980 0.0
5.6570 114.3670 0.0
0.6447 111.3000 0.0
3.3725 111.6373 0.0
1.5873 115.8467 0.0
1.5239 114.4656 0.0
2.9761 109.9320 0.0
-0.1401 111.9791 0.0
4.4895 111.6105 0.0
1.7985 114.7701 0.0
4.1700 112.3476 0.0
5.6594 110.8770 0.0
7.2528 111.6807 0.0
6.6235 110.6639 0.0
4.3697 108.3990 0.0
1.3687 112.2548 0.0
6.4077 112.3390 0.0
1.8393 108.6864 0.0
0.4938 115.4732 0.0
0.2923 109.0716 0.0
0.2174 113.1307 0.0
-1.3605 111.6064 0.0
4.0980 113.9809 0.0
-0.4415 111.0655 0.0
4.7104 116.4309 0.0
2.6020 109.6406 0.0
3.8172 113.0884 0.0
2.6722 115.8101 0.0
2.8920 113.9685 0.0
-0.5261 111.9094 0.0
4.1303 113.0572 0.0
0.4221 109.2469 0.0
4.2100 111.0693 0.0
2.5508 112.9906 0.0
1.9775 108.4829 0.0
4.8578 110.9860 0.0
5.3078 109.8951 0.0
-0.7910 114.4210 0.0
-0.5526 111.4791 0.0
4.3025 108.3223 0.0
4.5000 108.9702 0.0
2.8148 116.9948 0.0
2.9592 110.4799 0.0
-0.9307 112.1458 0.0
0.4185 114.2868 0.0
4.2100 108.4468 0.0
6.3294 113.3587 0.0
-1.0079 113.5721 0.0
2.4023 114.3679 0.0
6.7365 112.6295 0.0
2.4939 113.9755 0.0
2.9165 108.2596 0.0
-1.2695 111.3151 0.0
-0.2251 111.4197 0.0
-0.1470 111.6477 0.0
6.8949 111.3234 0.0
1.0327 110.4030 0.0
2.2007 114.8663 0.0
0.2590 110.8471 0.0
6.2987 112.0104 0.0
1.8138 111.1240 0.0
2.6098 108.0266 0.0
0.7099 114.9930 0.0
5.6277 111.3911 0.0
0.9427 108.7706 0.0
6.8002 110.5659 0.0
-0.0756 115.2702 0.0
3.8716 109.5584 0.0
2.9890 109.7514 0.0
1.3859 115.1736 0.0
5.2589 114.5327 0.0
0.6939 113.8619 0.0
3.2850 113.0356 0.0
4.4385 110.7108 0.0
2.2015 115.8637 0.0
2.7766 116.9921 0.0
2.7879 109.2794 0.0
-0.4171 114.0191 0.0
-0.9479 112.8538 0.0
-0.7979 112.7063 0.0
2.0653 108.1617 0.0
3.9338 113.4891 0.0
3.5753 116.8891 0.0
2.9853 113.2278 0.0
5.9750 111.5767 0.0
2.5293 109.6946 0.0
6.4795 114.6855 0.0
6.5162 112.4067 0.0
-0.2556 111.7823 0.0
5.4973 111.6193 0.0
6.5296 115.1770 0.0
0.0740 114.1197 0.0
5.7077 115.0032 0.0
2.5838 114.7817 0.0
3.8366 109.4959 0.0
3.9448 108.4383 0.0
6.1579 114.4294 0.0
1.6276 110.0479 0.0
0.5638 112.3801 0.0
6.1882 115.3562 0.0
6.2699 115.0673 0.0
5.3155 110.9325 0.0
1.0001 112.2375 0.0
5.2122 110.6187 0.0
1.9246 116.8537 0.0
5.4935 110.5634 0.0
3.7316 115.7418 0.0
0.9609 115.8515 0.0
6.1301 112.6688 0.0
0.5398 108.7607 0.0
7.2431 111.6530 0.0
0.7492 111.9132 0.0
3.1846 109.5181 0.0
3.5543 116.5953 0.0
2.3606 110.2291 0.0
4.9723 114.6085 0.0
1.1563 111.7576 0.0
6.3698 111.6352 0.0
0.4577 110.4213 0.0
1.5134 113.3956 0.0
2.2003 110.2569 0.0
3.5154 114.7690 0.0
0.3199 113.0024 0.0
0.9405 110.8851 0.0
4.3946 111.1871 0.0
-0.6574 111.6871 0.0
2.5016 113.4644 0.0
0.7117 109.5434 0.0
6.1463 109.9435 0.0
0.4768 112.5996 0.0
4.7928 114.3624 0.0
2.9316 114.1841 0.0
1.7054 112.1773 0.0
-0.4778 111.0428 0.0
3.5533 116.1847 0.0
1.1703 111.6717 0.0
-0.7340 114.4869 0.0
3.2904 112.5368 0.0
1.1402 110.8503 0.0
3.2085 113.7927 0.0
6.6934 112.1502 0.0
0.8866 110.9391 0.0
6.2035 112.9694 0.0
4.6531 114.4867 0.0
3.2820 110.2627 0.0
6.5887 113.4473 0.0
2.8038 111.2630 0.0
2.4095 113.8202 0.0
5.2205 113.2189 0.0
3.5097 113.1094 0.0
5.5985 111.3488 0.0
3.1791 116.0932 0.0
2.4516 116.1713 0.0
1.5923 115.4085 0.0
0.3734 116.0094 0.0
0.4540 109.3707 0.0
-0.2443 109.9419 0.0
-0.4721 114.8577 0.0
0.3091 109.9493 0.0
-0.0025 111.2115 0.0
0.4150 114.5401 0.0
0.1363 109.3393 0.0
6.1426 113.6093 0.0
4.4531 115.3624 0.0
1.0884 113.3339 0.0
2.9914 115.8270 0.0
0.7013 112.0587 0.0
0.4604 114.2685 0.0
1.9857 113.5353 0.0
-0.4982 111.5014 0.0
4.8450 109.7375 0.0
1.4723 108.9897 0.0
2.7199 113.2335 0.0
5.0730 115.5866 0.0
5.6992 115.8489 0.0
3.8869 116.6274 0.0
5.3874 109.1313 0.0
4.9920 110.8199 0.0
4.0483 111.0380 0.0
0.4187 113.5287 0.0
1.7569 111.5835 0.0
1.8350 110.4731 0.0
-0.1970 110.0589 0.0
3.3887 112.3798 0.0
0.3130 109.1226 0.0
0.4369 111.4479 0.0
-1.0891 113.5643 0.0
-0.2322 110.1929 0.0
5.6708 111.3131 0.0
0.7380 110.7252 0.0
1.9796 112.6898 0.0
2.7528 111.6650 0.0
3.1055 112.5286 0.0
3.9586 113.6540 0.0
1.0151 115.0200 0.0
5.3280 112.2593 0.0
0.5872 108.9514 0.0
4.7080 108.8480 0.0
3.7973 110.4183 0.0
0.9648 111.6580 0.0
4.4601 114.7616 0.0
6.4282 110.5086 0.0
4.8333 110.7709 0.0
1.5481 110.2849 0.0
3.6203 108.0498 0.0
2.0267 112.9227 0.0
2.2482 115.1576 0.0
-0.7865 113.9732 0.0
0.5122 109.6767 0.0
6.0407 113.6186 0.0
5.8627 110.1702 0.0
1.8356 111.0400 0.0
1.3015 115.1438 0.0
6.7441 111.9110 0.0
3.5288 112.1014 0.0
4.3996 110.0905 0.0
2.6084 110.6592 0.0
2.2726 113.7210 0.0
0.5482 108.8072 0.0
-0.8657 113.4601 0.0
-0.0832 112.6432 0.0
2.3386 108.5965 0.0
1.1569 113.2226 0.0
0.0173 111.0617 0.0
5.3137 108.8363 0.0
1.7604 113.7239 0.0
4.4643 112.7438 0.0
3.5021 113.6223 0.0
1.0440 109.0801 0.0
2.0378 116.4049 0.0
4.7461 112.1903 0.0
6.8604 111.1570 0.0
2.5094 112.8735 0.0
2.6872 108.9290 0.0
-1.1756 111.4897 0.0
5.8094 112.5941 0.0
7.0063 112.0484 0.0
0.7568 108.8464 0.0
3.1793 115.1290 0.0
6.6372 110.9355 0.0
4.9855 116.4392 0.0
-0.4286 112.2164 0.0
3.8095 109.6700 0.0
2.3094 108.1994 0.0
1.6283 108.9912 0.0
-0.5387 111.6668 0.0
3.4123 110.2964 0.0
2.0404 111.2789 0.0
0.3989 111.4695 0.0
-0.5698 112.9762 0.0
3.3017 116.9429 0.0
3.4766 112.3622 0.0
2.5593 114.9761 0.0
0.6022 110.8690 0.0
1.8224 108.1869 0.0
0.5230 111.9507 0.0
-0.0119 112.4699 0.0
4.4378 115.0286 0.0
0.8315 114.3174 0.0
3.8223 110.6584 0.0
4.5654 114.7004 0.0
4.9002 109.6942 0.0
0.1391 109.7398 0.0
1.0198 115.8000 0.0
2.9465 114.2002 0.0
2.5162 115.1170 0.0
4.8228 114.9804 0.0
2.9722 114.1249 0.0
3.6362 110.6084 0.0
4.0500 115.6294 0.0
5.0423 110.3740 0.0
-0.2232 111.3628 0.0
3.9389 115.1552 0.0
6.1464 114.1593 0.0
6.7294 113.9118 0.0
0.1246 115.1157 0.0
-0.1237 110.4871 0.0
1.4309 112.1123 0.0
3.0675 113.7244 0.0
2.3826 115.2122 0.0
6.6454 112.1973 0.0
4.4193 110.2163 0.0
2.4608 110.4330 0.0
0.4136 111.9149 0.0
3.6252 111.3150 0.0
0.9991 112.9684 0.0
3.8947 110.2454 0.0
0.4062 110.2047 0.0
2.8798 116.4100 0.0
3.5142 111.5430 0.0
3.9634 110.1616 0.0
-0.0269 109.3049 0.0
3.8785 111.3509 0.0
3.0922 116.0825 0.0
0.9523 112.4004 0.0
4.3023 111.6259 0.0
4.5954 109.0649 0.0
5.4676 111.2054 0.0
2.6536 110.8889 0.0
5.2683 112.5518 0.0
3.4687 113.9936 0.0
0.1693 115.2280 0.0
0.6399 110.4536 0.0
1.4996 110.7197 0.0
6.2443 110.7502 0.0
4.9589 109.9805 0.0
3.5239 108.1016 0.0
2.5983 115.3944 0.0
3.6852 111.2709 0.0
1.4931 111.9079 0.0
5.9101 113.3436 0.0
3.9205 110.6302 0.0
5.9348 110.9885 0.0
6.5585 114.8899 0.0
6.5706 113.4820 0.0
0.2701 113.5472 0.0
-0.6330 110.0170 0.0
1.0436 112.3799 0.0
4.0604 115.5745 0.0
4.9367 110.6205 0.0
3.7484 108.1025 0.0
3.9481 111.8624 0.0
4.5343 109.8666 0.0
4.1334 114.0153 0.0
2.0523 116.6811 0.0
2.0670 112.4938 0.0
5.2902 108.6497 0.0
5.8280 112.3767 0.0
5.1943 109.1349 0.0
0.1527 114.7294 0.0
-1.2067 113.2863 0.0
-1.1155 111.0979 0.0
-1.2451 113.1144 0.0
0.5067 110.9444 0.0
4.4966 114.5464 0.0
5.0459 109.7158 0.0
4.5675 110.7201 0.0
3.6408 108.5570 0.0
5.8971 112.4773 0.0
-0.5556 110.6675 0.0
1.6451 111.8214 0.0
3.4406 112.1887 0.0
1.2338 114.4231 0.0
0.8319 109.9592 0.0
-0.4172 112.8251 0.0
5.0527 109.5612 0.0
-0.0037 112.4985 0.0
7.0469 112.5867 0.0
2.1813 114.1082 0.0
4.6514 111.2340 0.0
4.3484 113.5872 0.0
0.4712 112.3624 0.0
7.0740 112.3885 0.0
-0.2170 109.8744 0.0
3.8035 112.8390 0.0
4.5181 109.2632 0.0
5.2738 112.0541 0.0
0.0160 111.0065 0.0
6.1521 114.1061 0.0
4.7089 111.7746 0.0
5.0136 113.6635 0.0
2.6432 110.1339 0.0
3.5651 114.7379 0.0
0.6507 112.7909 0.0
1.7762 116.1677 0.0
7.1544 111.8647 0.0
6.6310 114.3563 0.0
5.2559 111.3630 0.0
5.7908 115.6006 0.0
1.0375 114.7592 0.0
6.8245 113.1984 0.0
2.9965 109.9709 0.0
7.0974 113.5707 0.0
1.2184 109.5426 0.0
-0.7382 114.4198 0.0
4.4387 116.7015 0.0
4.0425 113.6123 0.0
5.4743 114.8993 0.0
3.7686 114.6938 0.0
4.0280 112.2521 0.0
5.5361 111.9158 0.0
3.7220 116.2604 0.0
7.3348 112.7554 0.0
7.3639 113.3982 0.0
0.8564 111.7732 0.0
3.0398 112.0705 0.0
3.5353 111.3046 0.0
2.1707 112.3515 0.0
2.5037 114.4998 0.0
0.8244 114.7800 0.0
1.3947 110.1841 0.0
3.8290 114.3082 0.0
1.9182 116.0641 0.0
-0.8851 114.4442 0.0
6.0631 112.9497 0.0
3.5112 112.8959 0.0
1.1807 109.4396 0.0
-0.9987 114.3089 0.0
0.9014 115.6515 0.0
1.9270 113.0891 0.0
4.2586 108.9451 0.0
5.1659 108.6793 0.0
-0.2082 111.4480 0.0
-0.1516 112.9470 0.0
-0.2975 110.7990 0.0
-0.9599 113.7864 0.0
4.5222 109.8112 0.0
-0.6525 111.9336 0.0
4.1574 109.3250 0.0
2.7986 116.0034 0.0
1.0172 110.9677 0.0
2.0712 112.7540 0.0
3.4754 116.7257 0.0
2.0651 109.6489 0.0
1.5673 108.4127 0.0
0.3481 114.8742 0.0
1.1326 110.1825 0.0
3.5834 109.8764 0.0
3.0036 112.0925 0.0
1.6550 116.1374 0.0
2.7107 112.9684 0.0
3.7941 109.1365 0.0
4.0799 116.5592 0.0
3.9378 113.3806 0.0
0.2688 108.9541 0.0
2.4141 110.9972 0.0
-0.4385 109.7437 0.0
5.1083 111.9916 0.0
4.5383 115.9396 0.0
-0.9347 112.3966 0.0
0.7344 115.0479 0.0
0.8611 113.6698 0.0
-0.1672 113.2837 0.0
6.7384 114.3840 0.0
4.8532 111.7314 0.0
0.4074 110.1368 0.0
3.1458 116.0703 0.0
3.7000 115.2406 0.0
4.7492 112.3844 0.0
5.8126 109.8263 0.0
2.9515 112.3348 0.0
0.5077 112.5328 0.0
6.6243 113.2204 0.0
0.4175 111.5892 0.0
-1.1902 112.1510 0.0
0.9857 110.9604 0.0
2.0980 115.8192 0.0
2.4561 115.7886 0.0
2.8221 112.9441 0.0
1.6798 112.5674 0.0
5.1823 110.1794 0.0
2.9848 108.6060 0.0
2.5880 116.9604 0.0
3.3345 115.2286 0.0
1.5671 112.3623 0.0
5.2051 114.8433 0.0
7.2796 111.9176 0.0
4.1750 112.5234 0.0
2.8720 111.3880 0.0
6.7982 114.1791 0.0
2.5864 112.3993 0.0
5.5757 112.8051 0.0
3.1014 112.9100 0.0
2.4344 114.4330 0.0
2.9711 115.8412 0.0
3.5305 114.6101 0.0
3.3033 116.7299 0.0
-0.2036 113.4840 0.0
0.8431 113.9332 0.0
3.2257 113.0226 0.0
3.2594 108.9068 0.0
3.9359 114.3839 0.0
6.4968 114.9702 0.0
5.8886 109.7163 0.0
3.8566 111.0065 0.0
4.6784 112.9667 0.0
1.6563 114.4982 0.0
-0.2298 113.7216 0.0
0.9560 109.0506 0.0
3.4577 113.9855 0.0
5.8984 115.0893 0.0
4.6556 108.4298 0.0
2.5257 114.5571 0.0
1.0023 113.5536 0.0
5.1963 112.9520 0.0
3.7670 114.6248 0.0
0.4491 113.2549 0.0
0.7372 108.9514 0.0
5.3251 109.8433 0.0
0.5004 113.7538 0.0
4.0736 110.5503 0.0
6.5679 110.2587 0.0
5.6402 114.7968 0.0
3.3557 111.3431 0.0
-1.1446 111.6468 0.0
6.9130 110.6793 0.0
0.3161 115.3424 0.0
1.1856 114.9395 0.0
0.2160 113.0080 0.0
3.4097 112.9226 0.0
1.3169 111.7477 0.0
1.9917 108.4193 0.0
1.3225 112.9575 0.0
5.3520 115.1780 0.0
2.0324 111.6773 0.0
1.6634 110.7732 0.0
4.1498 111.0329 0.0
0.7467 113.5903 0.0
5.5200 110.3130 0.0
5.4148 108.9318 0.0
6.3743 114.0690 0.0
1.1024 112.0802 0.0
2.3336 108.0809 0.0
1.7837 114.0500 0.0
-1.4062 112.2851 0.0
5.6330 109.2298 0.0
0.2250 109.6490 0.0
0.9937 115.5763 0.0
4.4796 112.0037 0.0
2.8937 113.3064 0.0
6.4380 111.7289 0.0
3.0392 114.5639 0.0
1.0725 116.1696 0.0
1.1841 114.7053 0.0
3.9339 112.1421 0.0
6.7526 112.6613 0.0
3.9238 113.5554 0.0
5.1078 110.7610 0.0
3.2317 114.1739 0.0
0.4962 112.3313 0.0
-1.1379 111.4512 0.0
-1.1268 111.3855 0.0
5.0432 110.3610 0.0
-0.3847 113.0373 0.0
1.0170 115.0391 0.0
5.6438 113.8313 0.0
3.1662 110.4670 0.0
3.4262 114.0894 0.0
1.8155 113.8820 0.0
2.3621 113.2689 0.0
1.4647 109.3380 0.0
6.5764 114.6816 0.0
4.1941 115.9094 0.0
0.6565 111.3019 0.0
1.0308 108.8804 0.0
7.4351 113.0030 0.0
0.4911 112.8116 0.0
3.8097 112.7769 0.0
0.4627 111.5096 0.0
4.5052 113.1898 0.0
2.8648 109.9611 0.0
6.3858 112.4319 0.0
5.7007 110.2740 0.0
-0.3790 112.9076 0.0
5.6111 113.7604 0.0
2.3861 111.5524 0.0
7.1382 112.9983 0.0
2.1071 114.1896 0.0
4.2698 110.3250 0.0
2.2186 114.6225 0.0
5.9911 111.5436 0.0
1.3714 110.6802 0.0
2.0993 112.9145 0.0
3.8806 116.7452 0.0
1.4791 110.2847 0.0
-0.0030 110.9432 0.0
1.4151 109.3664 0.0
1.4765 114.5529 0.0
0.1946 112.1031 0.0
5.3786 110.0870 0.0
0.3136 113.3882 0.0
7.0356 111.7574 0.0
2.7282 110.2976 0.0
2.8752 110.2629 0.0
2.1183 112.4604 0.0
1.9427 109.2696 0.0
4.2038 108.3600 0.0
-0.3737 112.5600 0.0
2.5109 112.3318 0.0
2.8327 109.1279 0.0
1.4478 111.5318 0.0
2.8459 111.4890 0.0
-0.7683 114.0554 0.0
1.0479 109.3186 0.0
5.1064 113.8062 0.0
0.5604 115.5660 0.0
1.3114 113.1425 0.0
6.9350 111.3333 0.0
6.3264 111.8615 0.0
1.1308 112.6128 0.0
3.0414 112.9100 0.0
6.9202 114.0370 0.0
-0.6311 112.2818 0.0
7.4650 112.3200 0.0
2.8803 114.0768 0.0
0.8444 116.4296 0.0
4.6242 111.4931 0.0
1.7376 115.8040 0.0
-0.0058 113.9767 0.0
0.1187 111.5198 0.0
1.6149 111.2678 0.0
-0.6800 110.0946 0.0
2.1899 116.4126 0.0
4.7666 112.5716 0.0
6.2650 115.5342 0.0
1.4379 110.2069 0.0
0.1598 109.8913 0.0
4.1829 109.7597 0.0
4.5273 109.9252 0.0
2.8171 111.4696 0.0
1.9331 113.4118 0.0
4.2409 115.2287 0.0
4.8150 110.0918 0.0
3.2961 113.3064 0.0
-1.2238 113.8753 0.0
5.3949 111.0335 0.0
4.8308 116.0171 0.0
4.4724 115.6541 0.0
-0.7140 111.1231 0.0
6.6886 114.0964 0.0
3.5480 116.8028 0.0
-0.8692 113.9892 0.0
6.4038 115.0305 0.0
1.9777 112.7067 0.0
-1.2349 113.4391 0.0
4.6446 115.2526 0.0
0.0325 113.9626 0.0
2.7592 108.2639 0.0
4.8434 115.0059 0.0
4.6899 112.1909 0.0
3.5504 115.9763 0.0
3.8555 116.4634 0.0
5.1715 110.3842 0.0
4.1538 113.3726 0.0
3.5971 113.3418 0.0
1.8026 114.9811 0.0
5.3705 112.7118 0.0
0.0447 113.5577 0.0
1.7327 116.1619 0.0
1.6753 115.6661 0.0
4.7901 115.9719 0.0
0.0352 113.5525 0.0
0.0413 111.7766 0.0
1.6669 115.5146 0.0
6.8939 111.2732 0.0
0.7846 109.9678 0.0
1.3755 115.9678 0.0
-0.3655 113.3070 0.0
0.5375 114.4342 0.0
3.6549 115.7315 0.0
3.6801 114.6031 0.0
3.1017 115.9703 0.0
6.2901 110.2701 0.0
1.1490 115.9595 0.0
0.5624 116.1268 0.0
0.7664 110.9742 0.0
-0.0716 114.4836 0.0
5.4151 109.3218 0.0
3.3839 114.8883 0.0
2.1005 109.8080 0.0
4.6578 115.7901 0.0
5.2871 110.8766 0.0
-0.4942 109.8131 0.0
5.1239 109.1394 0.0
4.9406 113.3537 0.0
0.3672 114.8334 0.0
1.9726 116.1541 0.0
4.0608 109.7305 0.0
1.8507 113.2524 0.0
1.2789 112.1305 0.0
6.8367 112.1900 0.0
5.4068 115.5770 0.0
0.1313 111.7202 0.0
1.9084 109.0742 0.0
7.1469 110.9221 0.0
4.1179 114.2250 0.0
5.3608 116.2522 0.0
6.2285 115.5297 0.0
5.3561 115.0087 0.0
2.1731 113.9238 0.0
1.8164 108.6675 0.0
4.6499 114.4243 0.0
4.2353 114.8960 0.0
0.8205 112.5418 0.0
5.7792 111.0290 0.0
1.6815 112.2232 0.0
5.1085 115.1446 0.0
4.7487 114.5599 0.0
0.5331 115.9664 0.0
1.8688 112.6781 0.0
5.4833 110.3687 0.0
4.0376 116.1742 0.0
7.2834 112.6364 0.0
6.6236 113.4843 0.0
4.5130 116.2847 0.0
4.5579 108.7944 0.0
6.0408 115.0239 0.0
5.2501 114.2432 0.0
6.8092 112.3576 0.0
1.1217 109.8428 0.0
5.2923 115.3732 0.0
1.4045 114.7313 0.0
-0.3074 114.5616 0.0
0.4003 111.6722 0.0
4.8713 113.3150 0.0
5.1749 112.7869 0.0
-0.5442 113.4887 0.0
-0.2159 111.0398 0.0
3.4162 111.5382 0.0
7.0644 112.6941 0.0
3.6565 109.6208 0.0
4.8444 110.2613 0.0
1.0036 109.3221 0.0
3.7743 108.2854 0.0
6.2884 113.5085 0.0
1.8618 109.6866 0.0
0.1978 110.8468 0.0
4.4409 110.2636 0.0
1.5750 110.7853 0.0
4.7657 114.8935 0.0
3.4254 112.9531 0.0
0.6223 112.9176 0.0
3.6712 112.8016 0.0
6.9819 112.0022 0.0
0.1010 113.0578 0.0
5.8640 114.4987 0.0
1.4836 109.5647 0.0
0.2823 109.0738 0.0
0.1961 114.2788 0.0
-1.2477 111.8715 0.0
2.6837 109.4044 0.0
5.7138 113.7219 0.0
5.3041 109.9163 0.0
5.2487 114.0548 0.0
4.2160 111.6873 0.0
2.1514 111.2630 0.0
1.6738 112.3966 0.0
3.4181 116.7777 0.0
1.0928 110.8924 0.0
-0.1623 111.2351 0.0
5.7230 113.2165 0.0
2.4193 115.9249 0.0
-0.2755 113.8493 0.0
5.3297 112.4383 0.0
5.5081 112.0380 0.0
-0.0372 111.8399 0.0
4.0740 114.5724 0.0
-0.6322 113.5432 0.0
4.4137 115.6401 0.0
1.2571 109.7994 0.0
1.0377 109.1025 0.0
1.8554 109.8400 0.0
-0.4390 112.9922 0.0
1.7620 115.8530 0.0
3.6766 113.4064 0.0
6.4647 109.7279 0.0
2.7644 116.5881 0.0
4.0131 108.5027 0.0
1.9189 115.6307 0.0
4.4696 112.4795 0.0
5.6622 108.8746 0.0
2.6170 109.5183 0.0
-1.1422 111.3796 0.0
4.5730 112.2634 0.0
3.4056 109.2232 0.0
6.2580 113.9063 0.0
6.0476 112.7301 0.0
5.2513 111.9443 0.0
-0.4251 110.9981 0.0
2.4043 111.1158 0.0
0.7271 109.8364 0.0
6.3543 110.8648 0.0
0.6947 110.5657 0.0
0.2259 110.7609 0.0
4.4083 115.9329 0.0
3.7891 113.2084 0.0
2.1258 112.1843 0.0
3.5364 110.0715 0.0
4.0618 113.9670 0.0
6.5369 114.7374 0.0
2.0175 110.0127 0.0
2.6442 115.8589 0.0
1.5427 111.7245 0.0
4.3849 110.7372 0.0
5.1127 111.5543 0.0
2.4914 112.0737 0.0
0.6410 112.8800 0.0
4.0781 109.7278 0.0
3.2160 110.5740 0.0
2.4581 111.8708 0.0
-0.6861 114.2537 0.0
0.4649 115.7819 0.0
5.2695 111.0745 0.0
4.0907 108.1540 0.0
5.0142 111.7358 0.0
4.8317 110.4883 0.0
3.5151 115.0020 0.0
2.1721 110.3698 0.0
-1.4119 111.9150 0.0
2.4129 111.1480 0.0
3.8386 108.3151 0.0
2.9266 112.6785 0.0
1.8074 108.7161 0.0
6.6004 109.8172 0.0
1.5105 108.7638 0.0
5.7071 113.1060 0.0
-0.7985 113.5519 0.0
5.8286 115.5847 0.0
0.4574 109.1991 0.0
1.7244 108.4584 0.0
0.0454 112.2012 0.0
3.0666 113.9106 0.0
4.4946 115.5687 0.0
1.3256 110.3888 0.0
5.7243 110.3515 0.0
0.2069 111.5199 0.0
3.0894 109.5768 0.0
6.3492 111.3009 0.0
4.1793 113.7141 0.0
1.1886 110.8752 0.0
4.0767 115.9328 0.0
1.0660 111.1763 0.0
4.1124 110.4704 0.0
3.2988 111.0607 0.0
2.6077 110.7829 0.0
6.7280 111.1140 0.0
7.2203 113.1554 0.0
6.0920 110.5465 0.0
-0.7841 113.6221 0.0
2.1721 116.3111 0.0
-0.3518 114.7399 0.0
7.3629 113.2735 0.0
5.3506 115.0048 0.0
6.8684 111.7737 0.0
4.7121 109.8476 0.0
5.1367 112.8823 0.0
-0.4100 114.6507 0.0
2.3919 111.3454 0.0
6.6905 114.6477 0.0
0.9773 115.3777 0.0
3.8301 112.9119 0.0
2.6660 113.3986 0.0
0.5737 111.9175 0.0
5.0902 109.6356 0.0
4.9785 116.1654 0.0
5.5451 110.0040 0.0
1.2067 111.1427 0.0
0.0310 109.1537 0.0
1.5962 115.9996 0.0
5.1939 108.5888 0.0
2.1832 114.9238 0.0
2.6907 112.5369 0.0
3.9145 108.3927 0.0
3.0903 114.2273 0.0
2.8908 114.3047 0.0
4.0303 114.2444 0.0
5.8706 110.7816 0.0
-0.0064 109.6253 0.0
5.1207 111.1212 0.0
5.0049 112.9978 0.0
3.5205 110.4732 0.0
1.5968 115.9974 0.0
1.6284 110.8968 0.0
3.8797 109.4024 0.0
5.5994 114.0048 0.0
3.1429 113.6866 0.0
2.2851 109.3215 0.0
6.3470 112.7061 0.0
-1.2388 113.6423 0.0
4.1740 115.5941 0.0
3.4951 114.6654 0.0
5.9409 110.5966 0.0
1.6481 114.3768 0.0
5.3709 112.9387 0.0
3.0891 112.0473 0.0
7.2890 113.6717 0.0
1.8089 112.8698 0.0
3.0525 114.9830 0.0
4.4683 116.4335 0.0
4.6481 111.3940 0.0
1.6116 109.2286 0.0
6.6280 113.0939 0.0
7.3743 113.3004 0.0
0.8816 112.8330 0.0
6.9095 111.2130 0.0
3.2728 112.8235 0.0
3.3702 112.9319 0.0
6.7038 114.6842 0.0
4.1215 115.6097 0.0
2.9258 112.8936 0.0
0.7941 111.8914 0.0
-1.1283 111.7090 0.0
2.4061 115.7340 0.0
1.1087 112.7479 0.0
5.3011 110.8635 0.0
5.0255 112.8296 0.0
2.5814 113.4338 0.0
1.3225 113.7712 0.0
2.4231 108.3151 0.0
4.7056 109.4811 0.0
6.8699 114.1751 0.0
5.5363 115.2426 0.0
0.7839 114.3449 0.0
5.2529 113.1459 0.0
2.4634 110.5893 0.0
6.7083 110.1293 0.0
2.3838 112.2117 0.0
1.0532 112.2429 0.0
4.7182 115.3032 0.0
1.6767 112.6638 0.0
3.5584 111.6316 0.0
7.2205 112.8957 0.0
5.1282 109.0801 0.0
2.2347 112.0326 0.0
4.4030 115.2667 0.0
-0.7209 110.8513 0.0
6.7207 110.8910 0.0
0.6890 108.7173 0.0
6.8716 114.1330 0.0
0.4188 112.9121 0.0
0.8331 114.8826 0.0
-0.5326 110.4874 0.0
-0.8756 113.9505 0.0
0.3069 115.9382 0.0
-1.0978 110.6836 0.0
0.9942 110.5989 0.0
2.4338 111.1462 0.0
4.1836 109.2202 0.0
1.9178 113.1003 0.0
6.1945 113.7858 0.0
6.1828 110.1970 0.0
3.3161 108.9524 0.0
-1.1937 113.7298 0.0
5.4554 110.4184 0.0
2.3825 116.1523 0.0
3.3766 109.0637 0.0
5.8321 115.5122 0.0
2.2962 110.7996 0.0
2.5123 108.7214 0.0
0.6573 114.6016 0.0
2.8688 116.9108 0.0
5.3788 112.8743 0.0
2.0775 111.5731 0.0
3.7105 116.0959 0.0
4.8543 115.8996 0.0
1.2090 110.4202 0.0
-0.7916 113.6595 0.0
-0.9807 113.2073 0.0
4.8354 109.3247 0.0
-0.1161 111.2069 0.0
7.2443 113.4228 0.0
3.5996 112.6398 0.0
0.5623 111.9121 0.0
1.5230 109.2844 0.0
3.4121 112.0815 0.0
5.1458 112.0540 0.0
4.4833 110.3079 0.0
6.7567 113.0454 0.0
0.4736 114.4955 0.0
3.5064 116.9591 0.0
4.2952 115.0153 0.0
2.7010 112.4263 0.0
4.8490 115.5239 0.0
3.7173 116.5577 0.0
0.9847 108.6358 0.0
-1.0983 114.1883 0.0
-0.2497 109.9684 0.0
-0.2170 114.5294 0.0
2.5596 115.6896 0.0
5.3299 111.3213 0.0
3.6211 111.4042 0.0
5.0451 115.8184 0.0
4.5067 109.9596 0.0
-0.2036 112.3425 0.0
4.5037 115.3190 0.0
2.9534 108.0184 0.0
1.6206 114.4702 0.0
5.5914 109.7407 0.0
2.2438 115.7570 0.0
0.4120 111.7523 0.0
1.7915 108.4372 0.0
5.1186 112.7688 0.0
2.6956 116.1382 0.0
5.2458 116.0660 0.0
4.4074 108.2322 0.0
5.2479 112.7229 0.0
6.1304 115.1104 0.0
1.6894 113.6664 0.0
4.5462 113.5496 0.0
1.1231 109.7427 0.0
6.7240 113.9198 0.0
1.9969 112.6763 0.0
4.0133 116.2428 0.0
5.6662 114.7238 0.0
5.9864 109.4542 0.0
-0.3364 115.2968 0.0
3.5321 111.3205 0.0
1.2518 114.9258 0.0
2.2543 109.6526 0.0
-0.5292 114.0074 0.0
4.3544 114.3880 0.0
4.0047 112.2566 0.0
7.0332 114.3167 0.0
6.4135 111.9177 0.0
6.3546 111.8738 0.0
2.6718 110.8153 0.0
6.1008 115.2232 0.0
4.9196 111.8306 0.0
1.3852 111.0466 0.0
1.9666 108.3269 0.0
1.8008 116.2725 0.0
5.6758 115.6694 0.0
0.1628 112.6938 0.0
6.6864 113.3030 0.0
2.1666 113.4100 0.0
4.4959 111.5450 0.0
0.4636 110.9050 0.0
4.8606 110.2265 0.0
6.5052 109.9611 0.0
2.0178 111.6769 0.0
6.4433 110.5343 0.0
-0.2937 113.1309 0.0
4.8849 112.5969 0.0
2.8754 113.1875 0.0
-0.1190 114.7022 0.0
2.5576 115.7848 0.0
6.8921 110.3685 0.0
1.2736 114.0377 0.0
1.8449 113.3938 0.0
2.6767 110.3114 0.0
2.0142 110.1836 0.0
2.8034 111.7932 0.0
2.0983 115.9794 0.0
5.5960 109.5208 0.0
1.5373 108.4727 0.0
0.4335 110.9841 0.0
1.4239 116.0999 0.0
3.9652 108.3798 0.0
3.2118 108.7540 0.0
3.3923 111.5600 0.0
1.8321 109.7273 0.0
-0.2166 114.1787 0.0
5.4156 109.4890 0.0
7.4570 112.9929 0.0
3.6746 108.2463 0.0
3.2669 109.0351 0.0
0.8100 114.0004 0.0
3.8160 112.1055 0.0
-1.0187 112.0832 0.0
4.5760 109.3488 0.0
1.3427 111.7156 0.0
-0.3181 110.5972 0.0
2.8237 116.9466 0.0
3.6737 108.8505 0.0
5.6153 111.4680 0.0
4.7481 114.7999 0.0
1.5469 113.6564 0.0
6.8439 110.2209 0.0
0.7870 108.8491 0.0
1.0029 110.0089 0.0
6.3575 111.5170 0.0
0.8077 114.2741 0.0
4.2730 108.8723 0.0
5.0802 115.7636 0.0
2.5774 116.0590 0.0
2.9194 114.8563 0.0
3.3086 112.7887 0.0
4.0487 108.9619 0.0
4.3883 112.0162 0.0
3.6216 109.4905 0.0
3.8032 112.9417 0.0
6.3346 114.8161 0.0
2.5226 111.7716 0.0
2.1900 112.9801 0.0
6.0613 115.1701 0.0
6.4868 110.2879 0.0
-0.3464 109.5776 0.0
5.2002 115.9349 0.0
5.4151 110.0934 0.0
4.9785 116.1910 0.0
-0.2819 114.9498 0.0
3.9417 109.4176 0.0
1.3111 115.7694 0.0
6.7728 110.7445 0.0
6.8470 113.7463 0.0
2.5072 112.2467 0.0
4.2107 113.2390 0.0
7.0110 113.7377 0.0
2.1924 114.7465 0.0
7.1013 111.0716 0.0
-0.8492 113.5250 0.0
4.5000 112.1524 0.0
1.6570 110.8500 0.0
-0.9601 112.2578 0.0
6.9235 110.9134 0.0
2.3135 109.8639 0.0
1.7465 113.0818 0.0
2.4282 116.1470 0.0
3.1633 109.7540 0.0
4.8246 111.5302 0.0
3.2852 114.1657 0.0
3.4402 116.0018 0.0
0.3966 115.6990 0.0
2.2188 111.0972 0.0
0.9070 110.4327 0.0
4.4217 112.9926 0.0
0.5674 112.2673 0.0
3.5207 114.4402 0.0
3.2055 116.6123 0.0
4.8289 110.5813 0.0
3.6257 108.0458 0.0
3.1554 110.8192 0.0
3.4140 111.2110 0.0
3.4536 114.8216 0.0
4.8395 114.7906 0.0
4.6285 109.2043 0.0
4.0777 108.9863 0.0
2.7451 114.2901 0.0
1.0968 116.1533 0.0
-0.5481 110.9123 0.0
3.3113 114.2119 0.0
6.5260 109.9995 0.0
6.4539 112.8477 0.0
3.5385 112.2776 0.0
1.7072 108.6899 0.0
4.9241 111.2548 0.0
2.5386 111.3740 0.0
0.4411 115.2179 0.0
4.5027 116.2701 0.0
7.0246 110.6924 0.0
1.7418 114.7993 0.0
0.7872 115.8476 0.0
1.7526 109.2794 0.0
3.1095 108.1236 0.0
1.5730 114.3844 0.0
3.4123 111.3377 0.0
3.6968 116.5791 0.0
1.2454 115.0462 0.0
5.3510 112.9378 0.0
6.3012 111.4370 0.0
3.0490 110.6384 0.0
-0.8557 111.6251 0.0
-0.6693 114.4218 0.0
6.2253 113.9709 0.0
1.4990 111.5850 0.0
-1.0723 113.1683 0.0
-1.3414 112.6707 0.0
3.6038 109.6804 0.0
6.5062 109.9823 0.0
3.7977 116.0684 0.0
0.6626 111.6154 0.0
2.7418 113.3166 0.0
2.9725 116.4969 0.0
1.7978 115.9195 0.0
2.1778 113.9234 0.0
2.5557 115.0127 0.0
5.1853 111.2718 0.0
-0.4085 112.5597 0.0
2.4283 114.7424 0.0
0.9749 115.9776 0.0
1.6817 113.6309 0.0
6.4370 111.1557 0.0
-1.1018 112.6321 0.0
4.3927 111.2870 0.0
2.2240 112.0546 0.0
1.1895 116.5510 0.0
1.8894 115.5602 0.0
5.2471 114.3334 0.0
1.9379 109.1250 0.0
4.6130 112.6058 0.0
1.6533 114.2540 0.0
2.3056 109.6143 0.0
6.1754 113.1621 0.0
2.4183 112.7156 0.0
3.6600 110.7740 0.0
4.2961 108.8339 0.0
3.8900 115.9223 0.0
2.0219 116.3860 0.0
4.7720 112.9425 0.0
5.6979 111.7148 0.0
1.0068 109.3555 0.0
0.4482 113.5839 0.0
7.2885 112.4711 0.0
0.7887 111.1359 0.0
3.9100 115.5070 0.0
5.7265 114.2070 0.0
-0.3132 114.7660 0.0
3.6878 108.9234 0.0
5.0651 111.7946 0.0
-1.4482 112.9119 0.0
2.2268 111.5700 0.0
3.7359 116.1351 0.0
2.2100 116.3920 0.0
4.9716 113.6726 0.0
3.1333 108.9599 0.0
1.7203 116.0263 0.0
5.3124 113.3160 0.0
2.9477 114.3858 0.0
4.9831 113.0385 0.0
5.8357 112.6775 0.0
6.1895 112.5549 0.0
5.2797 114.0896 0.0
2.4065 110.7882 0.0
3.2303 111.3087 0.0
0.6504 109.6260 0.0
2.4302 109.2695 0.0
1.2459 113.6754 0.0
3.6008 112.5160 0.0
0.8481 110.5545 0.0
5.3418 108.7482 0.0
3.9021 111.9839 0.0
0.5705 113.9512 0.0
4.5052 113.4776 0.0
0.0940 111.6663 0.0
0.8781 108.9275 0.0
1.3770 111.3831 0.0
3.0664 116.5789 0.0
2.8812 114.9322 0.0
5.6703 116.0440 0.0
0.6917 115.2350 0.0
-0.8283 112.4933 0.0
4.3378 110.8740 0.0
6.2641 112.9539 0.0
4.0275 114.3366 0.0
4.3292 114.6814 0.0
0.1952 110.2210 0.0
2.8678 115.3012 0.0
0.4576 115.0294 0.0
5.5864 109.5230 0.0
6.5388 111.0744 0.0
4.4651 110.5106 0.0
4.7967 110.2665 0.0
2.1949 115.9450 0.0
4.4827 110.6351 0.0
4.7949 115.0629 0.0
5.1581 115.1629 0.0
2.9287 113.6115 0.0
4.0283 116.3280 0.0
7.0454 113.5472 0.0
5.6098 112.5702 0.0
0.2046 110.0276 0.0
4.5955 108.8461 0.0
-0.8005 114.4803 0.0
0.8865 110.7811 0.0
4.0881 115.4437 0.0
0.7027 114.3649 0.0
6.7035 114.5662 0.0
1.9535 108.8070 0.0
-0.9075 110.7055 0.0
5.7020 115.1419 0.0
6.9811 113.8492 0.0
5.6636 114.7834 0.0
2.1772 110.5080 0.0
1.9121 109.9325 0.0
4.7385 113.6966 0.0
0.3534 112.4043 0.0
5.7022 109.4840 0.0
5.5886 111.5237 0.0
4.3552 115.5949 0.0
1.6389 109.6097 0.0
5.8716 115.1834 0.0
-1.1531 110.9435 0.0
2.9304 112.8075 0.0
6.8646 113.8773 0.0
1.9085 110.2357 0.0
2.6788 110.9251 0.0
2.6011 115.9338 0.0
6.6300 114.2936 0.0
3.1786 110.5282 0.0
3.7270 115.9171 0.0
4.6316 110.2000 0.0
4.7196 113.2380 0.0
3.9066 115.5468 0.0
3.1278 116.2178 0.0
1.5227 111.2157 0.0
-1.2034 111.1813 0.0
7.4139 112.2662 0.0
-0.4836 110.7480 0.0
5.4132 113.8062 0.0
4.4047 115.4550 0.0
-0.0949 113.8749 0.0
0.0171 110.9614 0.0
6.0222 111.0182 0.0
5.4748 114.7559 0.0
2.7762 108.2714 0.0
0.4417 113.4449 0.0
0.3785 114.6233 0.0
6.6794 112.4562 0.0
3.8936 111.9898 0.0
5.9160 109.1019 0.0
1.4130 109.8791 0.0
0.8525 114.6993 0.0
3.5388 114.1960 0.0
2.3764 115.5473 0.0
1.4117 111.2005 0.0
4.1820 110.4191 0.0
3.1924 113.8223 0.0
3.6534 115.3595 0.0
-1.1089 112.7019 0.0
3.3183 113.5719 0.0
1.6388 116.0081 0.0
3.6005 114.8893 0.0
3.0262 111.9975 0.0
3.0968 115.0675 0.0
1.5420 112.4505 0.0
6.6532 111.2366 0.0
7.3171 112.9703 0.0
-0.1532 112.7927 0.0
0.0165 113.9866 0.0
-0.5981 110.0866 0.0
5.8880 111.8106 0.0
6.2317 112.6653 0.0
6.4754 111.7241 0.0
4.1288 115.9590 0.0
7.0135 113.4185 0.0
5.7393 115.6064 0.0
4.7916 116.2198 0.0
2.9824 114.2226 0.0
1.8671 109.5115 0.0
5.9042 113.8900 0.0
5.3115 108.7792 0.0
5.6469 113.1389 0.0
5.7999 111.8377 0.0
5.1438 116.3382 0.0
4.9752 112.2100 0.0
2.1299 110.0291 0.0
4.9873 108.6433 0.0
-0.0639 109.8742 0.0
3.3745 116.5295 0.0
3.9839 116.6666 0.0
3.1946 110.9312 0.0
3.2533 108.0238 0.0
6.0092 114.3854 0.0
4.4188 115.4484 0.0
0.2108 114.2784 0.0
1.3799 112.0396 0.0
2.1222 108.5918 0.0
4.5507 111.8435 0.0
0.2604 115.8719 0.0
4.6238 116.6450 0.0
4.5388 110.1040 0.0
1.9619 113.3134 0.0
3.1065 112.9330 0.0
4.3516 110.1790 0.0
5.9425 114.4990 0.0
3.2265 108.4878 0.0
4.1543 114.7096 0.0
6.5619 111.0244 0.0
1.9860 114.3478 0.0
5.5369 111.9650 0.0
4.0082 112.6185 0.0
1.1352 112.9495 0.0
7.3020 113.5124 0.0
-0.9648 111.8604 0.0
7.1339 111.5446 0.0
3.0023 116.3152 0.0
7.2785 112.8200 0.0
-0.8226 114.8191 0.0
4.7331 110.9310 0.0
0.6088 114.5911 0.0
0.8289 113.7092 0.0
0.7740 112.2476 0.0
2.7395 115.4616 0.0
3.1991 112.7800 0.0
1.9780 108.6542 0.0
5.5590 115.9874 0.0
6.2870 109.6803 0.0
5.5526 111.7487 0.0
5.5214 108.8160 0.0
5.3134 110.0659 0.0
4.1869 113.8103 0.0
2.4300 110.9222 0.0
4.5103 116.6448 0.0
4.2505 111.4015 0.0
5.9382 115.5246 0.0
2.8549 113.3103 0.0
5.3470 112.6096 0.0
3.8741 111.0232 0.0
1.9073 112.8090 0.0
2.1483 108.7852 0.0
4.6697 114.3649 0.0
1.1289 114.7646 0.0
2.2082 115.4074 0.0
6.0596 112.0025 0.0
3.0505 112.8990 0.0
-1.1434 112.5136 0.0
6.4990 114.4020 0.0
7.4733 112.5706 0.0
3.1139 116.4909 0.0
4.2786 108.9236 0.0
6.6994 111.4190 0.0
4.2696 110.7986 0.0
4.4374 115.7329 0.0
4.7693 113.6335 0.0
0.9332 116.2436 0.0
4.9078 114.3396 0.0
-0.7808 111.1040 0.0
3.5704 110.5446 0.0
3.8725 109.3200 0.0
-0.4318 114.0816 0.0
5.0983 110.8236 0.0
4.5365 113.6421 0.0
1.4034 108.6459 0.0
-0.3223 109.7247 0.0
-1.0838 114.3807 0.0
2.4295 111.5206 0.0
1.2434 113.9174 0.0
1.7401 114.9243 0.0
0.3691 110.6202 0.0
3.9365 111.7558 0.0
2.7880 109.8536 0.0
4.9368 114.3071 0.0
3.3993 115.0527 0.0
1.7804 110.3379 0.0
4.3308 115.9614 0.0
0.1836 109.9808 0.0
1.4128 111.6255 0.0
2.4285 111.5905 0.0
1.0381 111.2639 0.0
1.8202 108.3028 0.0
-0.0409 111.0700 0.0
0.8052 112.9404 0.0
1.9506 112.5472 0.0
-1.4237 112.4151 0.0
6.1766 110.2709 0.0
5.3182 114.9669 0.0
-1.4673 112.2495 0.0
5.7167 113.6300 0.0
5.1870 109.3587 0.0
4.3005 115.5153 0.0
4.4014 116.0143 0.0
3.1858 115.1462 0.0
1.0759 109.8598 0.0
4.7065 115.3983 0.0
3.4130 114.6420 0.0
6.1293 111.7723 0.0
5.3106 109.6823 0.0
4.3346 112.7092 0.0
3.4242 115.7957 0.0
2.6908 109.9218 0.0
3.9945 111.5463 0.0
0.5990 110.8921 0.0
3.8567 112.8531 0.0
6.5859 113.3698 0.0
1.6501 115.8289 0.0
5.3682 111.8195 0.0
1.5404 116.4196 0.0
2.2276 115.1845 0.0
4.4908 112.0500 0.0
2.1971 108.9574 0.0
3.7537 115.3331 0.0
3.0981 116.0749 0.0
7.0432 111.0413 0.0
3.9693 116.8224 0.0
4.5875 110.6357 0.0
0.1368 111.4003 0.0
3.9351 116.1874 0.0
5.6474 114.0349 0.0
3.7742 112.3438 0.0
0.2457 109.8480 0.0
2.4289 114.4561 0.0
7.3089 112.3344 0.0
6.1954 110.8300 0.0
4.5700 110.1482 0.0
3.6873 116.2797 0.0
7.3001 112.8823 0.0
0.6725 112.5955 0.0
0.3949 115.9949 0.0
2.7443 111.0326 0.0
5.6846 115.0215 0.0
0.1531 114.9176 0.0
5.7175 111.4356 0.0
7.0604 111.9143 0.0
0.1501 114.9680 0.0
4.7289 114.6393 0.0
1.8309 112.4134 0.0
1.4369 111.6117 0.0
0.9293 112.4642 0.0
-1.1606 113.4222 0.0
1.6392 116.6096 0.0
2.5626 110.9061 0.0
1.5514 109.9136 0.0
-0.1455 113.8460 0.0
3.5436 115.1588 0.0
4.2945 116.7917 0.0
5.3817 110.5865 0.0
7.0386 112.0577 0.0
2.2355 115.9719 0.0
6.8362 114.1860 0.0
-1.1317 113.9100 0.0
5.9207 110.2036 0.0
4.3865 109.5687 0.0
-1.1113 112.2660 0.0
3.0471 116.7979 0.0
2.5362 110.7773 0.0
-0.4708 114.6518 0.0
2.2943 112.8364 0.0
4.9204 113.4333 0.0
1.5363 111.4036 0.0
3.8016 109.8448 0.0
1.3243 111.2183 0.0
2.5088 114.7801 0.0
2.9129 110.7594 0.0
1.8578 110.4017 0.0
-0.5171 111.2529 0.0
1.4816 109.1663 0.0
3.1982 111.1091 0.0
4.2769 109.5209 0.0
4.4008 113.0302 0.0
1.7273 115.8889 0.0
1.4556 116.6927 0.0
1.3157 115.0106 0.0
3.7823 115.7736 0.0
2.3423 116.8632 0.0
7.2923 112.0898 0.0
4.0660 110.1088 0.0
7.1512 113.4463 0.0
-0.2994 115.4610 0.0
3.8619 110.0247 0.0
4.8129 112.8147 0.0
7.3974 112.9899 0.0
-0.2600 110.9914 0.0
4.3426 109.9087 0.0
7.0153 113.1188 0.0
5.2279 109.7514 0.0
4.9896 114.4799 0.0
6.3892 112.8527 0.0
0.2147 112.5125 0.0
1.2093 111.4326 0.0
-1.0280 113.2158 0.0
4.2325 115.5776 0.0
2.5948 112.5724 0.0
1.4727 110.8445 0.0
1.6368 112.9197 0.0
3.6797 109.3368 0.0
3.7871 111.8414 0.0
4.5365 111.6322 0.0
6.1264 109.9197 0.0
6.7538 114.6527 0.0
0.7391 111.0138 0.0
1.6170 110.3097 0.0
4.2079 116.5228 0.0
4.7488 110.6632 0.0
5.2523 113.7696 0.0
1.9576 116.2489 0.0
6.1449 113.8820 0.0
4.3217 109.3848 0.0
1.0304 114.7635 0.0
-0.8958 111.8788 0.0
4.4183 115.2591 0.0
4.7640 109.2376 0.0
2.9704 112.5771 0.0
5.1333 115.4408 0.0
5.7673 115.6186 0.0
0.8582 113.0875 0.0
4.3851 111.5647 0.0
0.5398 114.5491 0.0
2.9425 108.9818 0.0
0.9882 109.8588 0.0
-0.4173 113.9515 0.0
4.6788 114.1892 0.0
0.3630 115.0423 0.0
2.3310 116.8452 0.0
-0.7000 113.9629 0.0
1.6331 113.6278 0.0
1.3501 109.3383 0.0
3.3996 115.1241 0.0
1.5165 111.5209 0.0
6.0139 110.3378 0.0
1.4704 115.2537 0.0
0.3448 109.4793 0.0
6.5194 114.0109 0.0
-0.1985 115.0366 0.0
6.3006 114.1353 0.0
3.0658 112.5126 0.0
4.0510 113.1433 0.0
-0.9817 111.2491 0.0
4.1149 112.4917 0.0
1.7762 109.8109 0.0
0.7495 115.3896 0.0
6.9983 111.6571 0.0
1.2453 114.7849 0.0
4.4360 109.9498 0.0
5.5593 114.4009 0.0
2.7585 112.1131 0.0
3.1818 110.7761 0.0
3.8426 115.8834 0.0
2.4324 111.4709 0.0
4.7869 112.2831 0.0
1.4998 115.3564 0.0
0.0205 109.7792 0.0
3.8839 108.9545 0.0
5.9101 113.3243 0.0
4.7925 112.4014 0.0
6.5123 113.0301 0.0
4.3554 113.5759 0.0
1.7104 110.6203 0.0
-0.8974 110.6108 0.0
5.8037 111.0046 0.0
4.3084 111.5317 0.0
3.3176 116.0961 0.0
4.7905 116.0144 0.0
-0.3515 113.3591 0.0
4.3605 111.9326 0.0
1.6793 113.9888 0.0
2.5476 116.0646 0.0
2.5694 113.8172 0.0
3.9660 109.9109 0.0
5.9314 110.9399 0.0
3.7806 111.0121 0.0
7.4397 112.0282 0.0
4.9864 113.9536 0.0
-0.6549 113.9479 0.0
5.9394 114.5765 0.0
-0.4947 115.2019 0.0
